0.5	0
1	0
1.5	0
2	0
2.5	0
3	0
3.5	0
4	0
4.5	0
5	0
5.5	0
6	0
6.5	0
7	0
7.5	0
8	0
8.5	0
9	0
9.5	0
10	0
10.5	0
11	0
11.5	0
12	0
12.5	0
13	0
13.5	0
14	0
14.5	0
15	0
15.5	0
16	0
16.5	0
17	0
17.5	0
18	0
18.5	0
19	0
19.5	0
20	0
20.5	0
21	0
21.5	0
22	0
22.5	0
23	0
23.5	0
24	0
24.5	0
25	0
25.5	0
26	0
26.5	0
27	0
27.5	0
28	0
28.5	0
29	0
29.5	0
30	0
30.5	0
31	0
31.5	0
32	0
32.5	0
33	0
33.5	0
34	0
34.5	0
35	0
35.5	0
36	0
36.5	0
37	0
37.5	0
38	0
38.5	0
39	0
39.5	0
40	0
40.5	0
41	0
41.5	0
42	0
42.5	0
43	0
43.5	0
44	0
44.5	0
45	0
45.5	0
46	0
46.5	0
47	0
47.5	0
48	0
48.5	0
49	0
49.5	0
50	1
50.5	1
51	1
51.5	1
52	1
52.5	1
53	1
53.5	1
54	1
54.5	1
55	1
55.5	1
56	1
56.5	1
57	1
57.5	1
58	1
58.5	1
59	1
59.5	1
60	1
60.5	1
61	1
61.5	1
62	1
62.5	1
63	1
63.5	1
64	1
64.5	1
65	1
65.5	1
66	1
66.5	1
67	1
67.5	1
68	1
68.5	1
69	1
69.5	1
70	1
70.5	1
71	1
71.5	1
72	1
72.5	1
73	1
73.5	1
74	1
74.5	1
75	1
75.5	1
76	1
76.5	1
77	1
77.5	1
78	1
78.5	1
79	1
79.5	1
80	1
80.5	1
81	1
81.5	1
82	1
82.5	1
83	1
83.5	1
84	1
84.5	1
85	1
85.5	1
86	1
86.5	1
87	1
87.5	1
88	1
88.5	1
89	1
89.5	1
90	1
90.5	1
91	1
91.5	1
92	1
92.5	1
93	1
93.5	1
94	1
94.5	1
95	1
95.5	1
96	1
96.5	1
97	1
97.5	1
98	1
98.5	1
99	1
99.5	1
100	1
100.5	1
101	1
101.5	1
102	1
102.5	1
103	1
103.5	1
104	1
104.5	1
105	1
105.5	1
106	1
106.5	1
107	1
107.5	1
108	1
108.5	1
109	1
109.5	1
110	1
110.5	1
111	1
111.5	1
112	1
112.5	1
113	1
113.5	1
114	1
114.5	1
115	1
115.5	1
116	1
116.5	1
117	1
117.5	1
118	1
118.5	1
119	1
119.5	1
120	1
120.5	1
121	1
121.5	1
122	1
122.5	1
123	1
123.5	1
124	1
124.5	1
125	1
125.5	1
126	1
126.5	1
127	1
127.5	1
128	1
128.5	1
129	1
129.5	1
130	1
130.5	1
131	1
131.5	1
132	1
132.5	1
133	1
133.5	1
134	1
134.5	1
135	1
135.5	1
136	1
136.5	1
137	1
137.5	1
138	1
138.5	1
139	1
139.5	1
140	1
140.5	1
141	1
141.5	1
142	1
142.5	1
143	1
143.5	1
144	1
144.5	1
145	1
145.5	1
146	1
146.5	1
147	1
147.5	1
148	1
148.5	1
149	1
149.5	1
150	1
150.5	1
151	1
151.5	1
152	1
152.5	1
153	1
153.5	1
154	1
154.5	1
155	1
155.5	1
156	1
156.5	1
157	1
157.5	1
158	1
158.5	1
159	1
159.5	1
160	1
160.5	1
161	1
161.5	1
162	1
162.5	1
163	1
163.5	1
164	1
164.5	1
165	1
165.5	1
166	1
166.5	1
167	1
167.5	1
168	1
168.5	1
169	1
169.5	1
170	1
170.5	1
171	1
171.5	1
172	1
172.5	1
173	1
173.5	1
174	1
174.5	1
175	1
175.5	1
176	1
176.5	1
177	1
177.5	1
178	1
178.5	1
179	1
179.5	1
180	1
180.5	1
181	1
181.5	1
182	1
182.5	1
183	1
183.5	1
184	1
184.5	1
185	1
185.5	1
186	1
186.5	1
187	1
187.5	1
188	1
188.5	1
189	1
189.5	1
190	1
190.5	1
191	1
191.5	1
192	1
192.5	1
193	1
193.5	1
194	1
194.5	1
195	1
195.5	1
196	1
196.5	1
197	1
197.5	1
198	1
198.5	1
199	1
199.5	1
200	1
