	0
0.5	0
1	2.832204e-06
1.5	8.647814e-06
2	1.793565e-05
2.5	3.243635e-05
3	5.520781e-05
3.5	9.067432e-05
4	0.0001441567
4.5	0.0002223537
5	0.000327852
5.5	0.0004694451
6	0.0006600302
6.5	0.0009014125
7	0.001190896
7.5	0.001549099
8	0.002110932
8.5	0.002873331
9	0.004188041
9.5	0.006166668
10	0.008735674
10.5	0.01256699
11	0.01817501
11.5	0.02553998
12	0.0363474
12.5	0.04848003
13	0.06406042
13.5	0.08015241
14	0.1011925
14.5	0.1232104
15	0.1449782
15.5	0.1687039
16	0.1940569
16.5	0.2184676
17	0.2394844
17.5	0.2599755
18	0.2836258
18.5	0.3068196
19	0.3288152
19.5	0.3506661
20	0.3727007
20.5	0.3923198
21	0.4086051
21.5	0.4241589
22	0.4370541
22.5	0.446808
23	0.4563439
23.5	0.4659108
24	0.4776464
24.5	0.4886391
25	0.4993367
25.5	0.5106647
26	0.5214503
26.5	0.5292518
27	0.5334429
27.5	0.5375363
28	0.5394068
28.5	0.5397631
29	0.5414304
29.5	0.541696
30	0.5394718
30.5	0.5350987
31	0.5318885
31.5	0.5298926
32	0.5281772
32.5	0.5274656
33	0.5242454
33.5	0.521231
34	0.5178733
34.5	0.5140378
35	0.5088241
35.5	0.5026155
36	0.4948094
36.5	0.4885337
37	0.4845712
37.5	0.4830536
38	0.4821809
38.5	0.4795732
39	0.474661
39.5	0.4700891
40	0.466369
40.5	0.4616273
41	0.4587327
41.5	0.4551386
42	0.4522643
42.5	0.4503258
43	0.4495751
43.5	0.4488422
44	0.4476895
44.5	0.4456604
45	0.4436158
45.5	0.440847
46	0.4371247
46.5	0.4333808
47	0.4309876
47.5	0.4293974
48	0.4270818
48.5	0.4242353
49	0.4217389
49.5	0.4186054
50	0.4154014
50.5	0.4132141
51	0.4114391
51.5	0.4083023
52	0.4053762
52.5	0.4027797
53	0.3998106
53.5	0.3970097
54	0.3943422
54.5	0.3906356
55	0.3858749
55.5	0.3814044
56	0.3777756
56.5	0.3735015
57	0.3685247
57.5	0.3640268
58	0.3593951
58.5	0.3542777
59	0.3486692
59.5	0.3437698
60	0.3394299
60.5	0.3355338
61	0.3335083
61.5	0.3314725
62	0.3286697
62.5	0.3252092
63	0.3219022
63.5	0.3192293
64	0.3180356
64.5	0.3178195
65	0.3183382
65.5	0.3190542
66	0.3195043
66.5	0.3193858
67	0.3195538
67.5	0.3203533
68	0.320926
68.5	0.3211618
69	0.3212566
69.5	0.3216352
70	0.3228632
70.5	0.3240905
71	0.3246528
71.5	0.3249814
72	0.3245287
72.5	0.3244677
73	0.3243344
73.5	0.3249047
74	0.3256265
74.5	0.3261505
75	0.3265361
75.5	0.3272504
76	0.3289975
76.5	0.331444
77	0.3342161
77.5	0.3374931
78	0.3417028
78.5	0.3430442
79	0.3471035
79.5	0.3500932
80	0.3514566
80.5	0.352134
81	0.3532087
81.5	0.3550744
82	0.3571915
82.5	0.3591612
83	0.3605806
83.5	0.3619067
84	0.3632429
84.5	0.3666994
85	0.3678835
85.5	0.3712019
86	0.3733163
86.5	0.3763369
87	0.3792535
87.5	0.3826457
88	0.3861739
88.5	0.3893388
89	0.3917768
89.5	0.3920171
90	0.3907063
90.5	0.3902063
91	0.3901842
91.5	0.3896138
92	0.388466
92.5	0.3877782
93	0.3879693
93.5	0.3888999
94	0.3896728
94.5	0.390295
95	0.3912077
95.5	0.3923536
96	0.393316
96.5	0.3936319
97	0.393622
97.5	0.3937546
98	0.3940467
98.5	0.3946204
99	0.3952573
99.5	0.3956456
100	0.396089
100.5	0.3964315
101	0.396436
101.5	0.3964634
102	0.3972394
102.5	0.3986026
103	0.3998699
103.5	0.4009575
104	0.4020353
104.5	0.4031264
105	0.4040233
105.5	0.4050355
106	0.4062584
106.5	0.4074452
107	0.4089807
107.5	0.4103076
108	0.4116203
108.5	0.414495
109	0.4160875
109.5	0.4184871
110	0.4195889
110.5	0.4213293
111	0.4231362
111.5	0.4252189
112	0.4272033
112.5	0.4294226
113	0.4317078
113.5	0.4338547
114	0.4355654
114.5	0.4373698
115	0.4392702
115.5	0.4413033
116	0.4430963
116.5	0.4448815
117	0.4459952
117.5	0.4467666
118	0.4473673
118.5	0.4481486
119	0.4485451
119.5	0.448707
120	0.4487348
120.5	0.4484826
121	0.4480145
121.5	0.4474959
122	0.4473859
122.5	0.4473449
123	0.446613
123.5	0.4457247
124	0.4454211
124.5	0.4456471
125	0.4460677
125.5	0.4458894
126	0.4456396
126.5	0.445315
127	0.4450195
127.5	0.4443477
128	0.4432708
128.5	0.4419715
129	0.4405599
129.5	0.4389532
130	0.4376453
130.5	0.4369172
131	0.4366714
131.5	0.4344207
132	0.4341929
132.5	0.4345019
133	0.4351802
133.5	0.4361688
134	0.4371888
134.5	0.4380364
135	0.4388942
135.5	0.4396967
136	0.4401303
136.5	0.440006
137	0.4396416
137.5	0.4389745
138	0.4381314
138.5	0.4374044
139	0.4368911
139.5	0.4367269
140	0.4364101
140.5	0.4361137
141	0.4360738
141.5	0.4364312
142	0.4365296
142.5	0.43599
143	0.4352152
143.5	0.4344405
144	0.4336233
144.5	0.4324038
145	0.4310115
145.5	0.4298444
146	0.4290424
146.5	0.4281334
147	0.4271849
147.5	0.4262715
148	0.4254363
148.5	0.4247306
149	0.4237884
149.5	0.4228282
150	0.4217542
150.5	0.4204762
151	0.4189996
151.5	0.4177722
152	0.4165415
152.5	0.414981
153	0.4136178
153.5	0.4125786
154	0.4117554
154.5	0.4115111
155	0.4114859
155.5	0.411082
156	0.4105924
156.5	0.4094703
157	0.4082054
157.5	0.4067522
158	0.4054865
158.5	0.4045058
159	0.4035319
159.5	0.402376
160	0.4013259
160.5	0.4003254
161	0.3994803
161.5	0.3984497
162	0.3972519
162.5	0.3959545
163	0.3951143
163.5	0.3942873
164	0.3938543
164.5	0.3933949
165	0.3933258
165.5	0.3938615
166	0.3948114
166.5	0.395999
167	0.397658
167.5	0.3989878
168	0.4002087
168.5	0.4015806
169	0.4030627
169.5	0.4036613
170	0.4031668
170.5	0.4022316
171	0.401513
171.5	0.4013903
172	0.4024156
172.5	0.4042029
173	0.4065341
173.5	0.4085124
174	0.4107653
174.5	0.4126258
175	0.4139949
175.5	0.415376
176	0.4162368
176.5	0.4166397
177	0.417031
177.5	0.4175328
178	0.4180121
178.5	0.4185767
179	0.4188223
179.5	0.4193753
180	0.4199122
180.5	0.4206025
181	0.4208781
181.5	0.4216818
182	0.4220816
182.5	0.422246
183	0.422285
183.5	0.4222107
184	0.4222544
184.5	0.422687
185	0.4233883
185.5	0.424377
186	0.4257732
186.5	0.4274598
187	0.4290063
187.5	0.4300326
188	0.4312839
188.5	0.4328991
189	0.4352078
189.5	0.4374611
190	0.4395058
190.5	0.4414992
191	0.4433659
191.5	0.4451078
192	0.4469735
192.5	0.4479218
193	0.4485081
193.5	0.4486854
194	0.4487963
194.5	0.4488195
195	0.4484293
195.5	0.447563
196	0.4462398
196.5	0.4448191
197	0.4440771
197.5	0.4435054
198	0.4436847
198.5	0.4440586
199	0.4446322
199.5	0.4455344
200	0.4474571
