0.5	0
1	-1.654361e-22
1.5	0
2	3.970467e-21
2.5	-7.279189e-21
3	-9.264423e-21
3.5	3.970467e-21
4	0
4.5	2.38228e-20
5	-1.323489e-20
5.5	3.176374e-20
6	3.705769e-20
6.5	4.235165e-20
7	-3.441071e-20
7.5	4.102816e-20
8	7.411538e-20
8.5	-1.138201e-19
9	-2.646978e-20
9.5	-1.058791e-19
10	-2.117582e-20
10.5	-6.352747e-20
11	-1.641126e-19
11.5	2.752857e-19
12	-1.111731e-18
12.5	2.308165e-18
13	-1.905824e-18
13.5	8.470329e-19
14	1.439956e-18
14.5	-2.286989e-18
15	3.049319e-18
15.5	-2.710505e-18
16	3.388132e-19
16.5	-4.743385e-18
17	1.185846e-18
17.5	1.694066e-18
18	-2.202286e-18
18.5	7.115077e-18
19	1.270549e-17
19.5	6.268044e-18
20	-3.049319e-18
20.5	2.879912e-18
21	1.185846e-18
21.5	3.896352e-18
22	-1.135024e-17
22.5	-1.118083e-17
23	-1.253609e-17
23.5	-3.726945e-18
24	-1.355253e-18
24.5	7.45389e-18
25	1.694066e-18
25.5	1.355253e-18
26	1.151965e-17
26.5	3.049319e-18
27	3.557538e-18
27.5	-7.115077e-18
28	7.115077e-18
28.5	-6.776264e-19
29	-5.759824e-18
29.5	-7.45389e-18
30	2.625802e-18
30.5	6.69156e-18
31	-6.776264e-18
31.5	-6.94567e-18
32	-1.321371e-17
32.5	2.032879e-18
33	-4.235165e-18
33.5	-4.743385e-18
34	6.776264e-19
34.5	-3.049319e-18
35	3.388132e-18
35.5	1.490778e-17
36	-2.710505e-18
36.5	3.557538e-18
37	3.896352e-18
37.5	1.015381e-17
38	1.135024e-17
38.5	-6.776264e-18
39	2.032879e-18
39.5	-8.300923e-18
40	5.590417e-18
40.5	-5.421011e-18
41	-2.202286e-18
41.5	-1.285372e-17
42	-1.948176e-18
42.5	-1.058791e-17
43	3.388132e-19
43.5	6.352747e-18
44	3.218725e-18
44.5	1.626303e-17
45	2.032879e-18
45.5	-8.470329e-18
46	-2.541099e-18
46.5	-1.177376e-17
47	3.642242e-18
47.5	-8.300923e-18
48	-9.656176e-18
48.5	1.270549e-17
49	2.371692e-18
49.5	3.981055e-18
50	-2.964615e-18
50.5	1.01644e-17
51	1.211257e-17
51.5	1.626303e-17
52	2.032879e-18
52.5	8.639736e-18
53	1.177376e-17
53.5	-2.964615e-18
54	-3.049319e-18
54.5	-6.606857e-18
55	-2.363222e-17
55.5	2.117582e-18
56	-1.863472e-18
56.5	1.702536e-17
57	1.01644e-18
57.5	-3.726945e-18
58	-1.719477e-17
58.5	2.651213e-17
59	5.421011e-18
59.5	-3.049319e-18
60	-4.065758e-18
60.5	7.115077e-18
61	1.880413e-17
61.5	1.694066e-18
62	-5.082198e-18
62.5	-8.470329e-18
63	-7.45389e-18
63.5	2.710505e-18
64	-1.524659e-18
64.5	-5.421011e-18
65	-2.710505e-18
65.5	0
66	-8.809143e-18
66.5	6.606857e-18
67	-7.45389e-18
67.5	2.032879e-18
68	-6.43745e-18
68.5	3.726945e-18
69	3.726945e-18
69.5	-2.473336e-17
70	2.744387e-17
70.5	-9.147956e-18
71	1.27902e-17
71.5	2.032879e-18
72	2.032879e-17
72.5	-3.726945e-18
73	2.405574e-17
73.5	5.590417e-18
74	-2.04982e-17
74.5	6.776264e-19
75	-1.050321e-17
75.5	1.507719e-17
76	-1.863472e-18
76.5	1.634774e-17
77	1.846532e-17
77.5	-5.166901e-18
78	1.084202e-17
78.5	3.472835e-18
79	-7.792703e-18
79.5	-1.160435e-17
80	-1.490778e-17
80.5	2.032879e-18
81	-3.726945e-18
81.5	-2.202286e-17
82	6.43745e-18
82.5	-1.897354e-17
83	-1.151965e-17
83.5	-4.404571e-18
84	1.389134e-17
84.5	-4.404571e-18
85	-3.015437e-17
85.5	1.236668e-17
86	2.202286e-18
86.5	-2.032879e-18
87	-2.236167e-17
87.5	0
88	2.422514e-17
88.5	8.470329e-19
89	-1.151965e-17
89.5	-2.55804e-17
90	6.776264e-19
90.5	-1.253609e-17
91	-6.606857e-18
91.5	-1.79571e-17
92	1.524659e-17
92.5	-9.147956e-18
93	-5.421011e-18
93.5	2.168404e-17
94	1.490778e-17
94.5	-1.321371e-17
95	5.421011e-18
95.5	-2.405574e-17
96	-4.065758e-18
96.5	2.846031e-17
97	2.608861e-17
97.5	1.829591e-17
98	-3.286488e-17
98.5	0
99	-9.486769e-18
99.5	2.541099e-17
100	-1.389134e-17
100.5	-2.032879e-17
101	-8.639736e-18
101.5	-5.082198e-18
102	-2.710505e-17
102.5	3.33731e-17
103	-4.235165e-18
103.5	-2.541099e-18
104	-1.931235e-17
104.5	-1.524659e-17
105	1.202787e-17
105.5	-1.135024e-17
106	1.321371e-17
106.5	-5.082198e-19
107	-3.557538e-17
107.5	-7.45389e-18
108	4.828088e-17
108.5	1.050321e-17
109	-2.473336e-17
109.5	-1.270549e-17
110	-1.880413e-17
110.5	-1.372193e-17
111	-1.439956e-17
111.5	-9.825582e-18
112	1.863472e-18
112.5	6.098637e-18
113	1.321371e-17
113.5	5.082198e-18
114	-2.57498e-17
114.5	2.456396e-17
115	2.06676e-17
115.5	1.456897e-17
116	6.098637e-18
116.5	-1.5416e-17
117	-1.592422e-17
117.5	-3.405072e-17
118	-3.0832e-17
118.5	-6.606857e-18
119	1.626303e-17
119.5	1.28749e-17
120	-3.422013e-17
120.5	-2.659683e-17
121	1.558541e-17
121.5	-3.388132e-17
122	2.371692e-18
122.5	3.726945e-18
123	-6.268044e-18
123.5	-3.455894e-17
124	-8.639736e-18
124.5	-8.470329e-18
125	-1.778769e-17
125.5	-6.098637e-18
126	-2.388633e-17
126.5	2.06676e-17
127	1.01644e-18
127.5	2.642743e-17
128	1.744888e-17
128.5	1.219727e-17
129	-4.726444e-17
129.5	3.59142e-17
130	4.557037e-17
130.5	2.981556e-17
131	6.369688e-17
131.5	2.642743e-17
132	4.201283e-17
132.5	8.131516e-18
133	-3.59142e-17
133.5	-1.28749e-17
134	4.404571e-18
134.5	-3.726945e-18
135	-6.268044e-17
135.5	1.524659e-17
136	1.863472e-17
136.5	-1.626303e-17
137	-3.388132e-19
137.5	-1.423015e-17
138	-3.117081e-17
138.5	2.202286e-17
139	-2.405574e-17
139.5	-7.115077e-18
140	1.084202e-17
140.5	9.147956e-18
141	-9.825582e-18
141.5	-2.337811e-17
142	-9.147956e-18
142.5	1.01644e-17
143	4.743385e-18
143.5	-4.811147e-17
144	-1.79571e-17
144.5	-1.01644e-18
145	-2.676624e-17
145.5	-7.115077e-18
146	-2.168404e-17
146.5	5.421011e-18
147	4.167402e-17
147.5	6.776264e-19
148	1.355253e-18
148.5	-1.01644e-17
149	-3.557538e-17
149.5	-4.336809e-17
150	-3.218725e-17
150.5	7.45389e-18
151	-2.473336e-17
151.5	3.489776e-17
152	-2.032879e-18
152.5	-4.133521e-17
153	-5.421011e-18
153.5	-8.131516e-18
154	-2.541099e-17
154.5	8.809143e-18
155	-3.388132e-18
155.5	-1.423015e-17
156	5.217723e-17
156.5	-3.388132e-19
157	-2.032879e-17
157.5	9.147956e-18
158	-3.184844e-17
158.5	2.608861e-17
159	-1.456897e-17
159.5	6.43745e-18
160	-2.846031e-17
160.5	4.065758e-18
161	-3.86247e-17
161.5	1.490778e-17
162	-6.776264e-18
162.5	1.355253e-18
163	-1.490778e-17
163.5	-1.524659e-17
164	-3.388132e-19
164.5	1.253609e-17
165	3.015437e-17
165.5	1.694066e-18
166	-2.371692e-18
166.5	-4.404571e-18
167	1.456897e-17
167.5	-1.626303e-17
168	1.558541e-17
168.5	1.050321e-17
169	4.065758e-18
169.5	2.032879e-17
170	3.286488e-17
170.5	0
171	-1.28749e-17
171.5	6.776264e-19
172	-1.151965e-17
172.5	-5.353248e-17
173	1.28749e-17
173.5	2.134523e-17
174	1.79571e-17
174.5	4.540097e-17
175	7.792703e-18
175.5	1.456897e-17
176	-2.236167e-17
176.5	1.694066e-17
177	-1.151965e-17
177.5	-1.423015e-17
178	-2.134523e-17
178.5	-1.084202e-17
179	-1.050321e-17
179.5	3.726945e-18
180	2.541099e-17
180.5	-1.558541e-17
181	2.812149e-17
181.5	-2.371692e-18
182	1.389134e-17
182.5	2.710505e-18
183	-3.930233e-17
183.5	-1.355253e-17
184	-3.489776e-17
184.5	-3.286488e-17
185	7.45389e-18
185.5	1.050321e-17
186	-7.45389e-18
186.5	-8.809143e-18
187	1.355253e-17
187.5	8.809143e-18
188	3.422013e-17
188.5	-3.557538e-18
189	-1.575481e-17
189.5	-3.049319e-17
190	4.912791e-18
190.5	-4.37069e-17
191	-8.470329e-18
191.5	1.01644e-18
192	3.049319e-18
192.5	-1.507719e-17
193	-1.236668e-17
193.5	-2.727446e-17
194	4.235165e-18
194.5	-1.524659e-18
195	-7.96211e-18
195.5	-2.185345e-17
196	1.79571e-17
196.5	1.28749e-17
197	2.981556e-17
197.5	2.541099e-18
198	3.506716e-17
198.5	-2.524158e-17
199	-1.253609e-17
199.5	1.626303e-17
200	-4.912791e-18
