0.5	0
1	0
1.5	0.001116921
2	0.003205672
2.5	0.006387089
3	0.01077833
3.5	0.01639851
4	0.02309808
4.5	0.03054609
5	0.03870367
5.5	0.04754984
6	0.06052387
6.5	0.07613281
7	0.09197571
7.5	0.1071507
8	0.1338266
8.5	0.1629752
9	0.1909815
9.5	0.2136856
10	0.2564117
10.5	0.3509084
11	0.4504332
11.5	0.5289987
12	0.5548293
12.5	0.7038678
13	0.8647857
13.5	1.159494
14	1.559395
14.5	1.865621
15	2.024714
15.5	2.250709
16	2.377104
16.5	2.555549
17	2.801579
17.5	3.163701
18	3.454206
18.5	3.681122
19	3.857605
19.5	3.984318
20	4.06752
20.5	4.114509
21	4.251815
21.5	4.493398
22	4.739083
22.5	4.945329
23	5.117096
23.5	5.26779
24	5.404067
24.5	5.528832
25	5.641572
25.5	5.740878
26	5.893609
26.5	6.052602
27	6.19309
27.5	6.328052
28	6.450574
28.5	6.638585
29	7.07817
29.5	7.499267
30	7.897456
30.5	8.257329
31	8.562803
31.5	8.828491
32	9.059755
32.5	9.252076
33	9.401671
33.5	9.506395
34	9.570559
34.5	9.598323
35	9.593263
35.5	9.560436
36	9.500094
36.5	9.415718
37	9.311005
37.5	9.189139
38	9.053933
38.5	8.911995
39	8.765879
39.5	8.887733
40	9.063092
40.5	9.225841
41	9.375718
41.5	9.513815
42	9.639854
42.5	9.753109
43	9.8537
43.5	9.941607
44	10.09624
44.5	10.29481
45	10.48248
45.5	10.659
46	10.82404
46.5	10.97625
47	11.11553
47.5	11.2422
48	11.35597
48.5	11.45704
49	11.54667
49.5	11.62479
50	11.69062
50.5	11.83945
51	12.01781
51.5	12.18625
52	12.34465
52.5	12.49239
53	12.62907
53.5	12.75369
54	12.86577
54.5	12.96509
55	13.05156
55.5	13.12587
56	13.22166
56.5	13.30401
57	13.37272
57.5	13.51431
58	13.67458
58.5	13.825
59	13.9646
59.5	14.09371
60	14.2122
60.5	14.39049
61	14.65168
61.5	14.89047
62	15.10634
62.5	15.29885
63	15.46751
63.5	15.61292
64	15.73523
64.5	15.83502
65	15.91269
65.5	15.96774
66	16.00109
66.5	16.01418
67	16.00718
67.5	16.10244
68	16.36343
68.5	16.59609
69	16.80715
69.5	16.99609
70	17.16223
70.5	17.3047
71	17.42311
71.5	17.51669
72	17.58495
72.5	17.62743
73	17.64558
73.5	17.64174
74	17.61667
74.5	17.57155
75	17.50732
75.5	17.4232
76	17.31952
76.5	17.19688
77	17.40499
77.5	17.63958
78	17.81392
78.5	17.93871
79	18.00224
79.5	18.01978
80	17.99782
80.5	17.94303
81	17.85853
81.5	17.74624
82	17.60746
82.5	17.44379
83	17.4691
83.5	17.52216
84	17.56051
84.5	17.58509
85	17.59681
85.5	17.59564
86	17.58145
86.5	17.55377
87	17.51217
87.5	17.45737
88	17.3902
88.5	17.31094
89	17.31012
89.5	17.3789
90	17.43861
90.5	17.48874
91	17.52882
91.5	17.55821
92	17.57607
92.5	17.58124
93	17.57118
93.5	17.54676
94	17.50852
94.5	17.45743
95	17.39358
95.5	17.3654
96	17.4516
96.5	17.52828
97	17.59525
97.5	17.65222
98	17.7198
98.5	17.83993
99	17.95279
99.5	18.05821
100	18.15573
100.5	18.24514
101	18.32618
101.5	18.39839
102	18.46106
102.5	18.51372
103	18.55592
103.5	18.58696
104	18.60615
104.5	18.61291
105	18.60663
105.5	18.58672
106	18.6001
106.5	18.74506
107	18.88923
107.5	19.03274
108	19.17608
108.5	19.31954
109	19.4631
109.5	19.60603
110	19.74915
110.5	19.89128
111	20.03291
111.5	20.17396
112	20.31457
112.5	20.45487
113	20.59485
113.5	20.73487
114	20.87498
114.5	21.0682
115	21.25462
115.5	21.43203
116	21.59881
116.5	21.75354
117	21.89485
117.5	22.02051
118	22.12854
118.5	22.21729
119	22.28526
119.5	22.45773
120	22.6544
120.5	22.84223
121	23.01968
121.5	23.18538
122	23.33789
122.5	23.48231
123	23.6764
123.5	23.87086
124	24.06564
124.5	24.2603
125	24.45436
125.5	24.64722
126	24.83806
126.5	25.02625
127	25.21088
127.5	25.39105
128	25.5658
128.5	25.73411
129	25.89513
129.5	26.0479
130	26.19139
130.5	26.32442
131	26.4453
131.5	26.55356
132	26.64818
132.5	26.78596
133	26.98072
133.5	27.16919
134	27.35051
134.5	27.52385
135	27.68857
135.5	27.84375
136	27.98874
136.5	28.12293
137	28.24589
137.5	28.35679
138	28.45502
138.5	28.53993
139	28.6109
139.5	28.77644
140	28.9644
140.5	29.15096
141	29.33535
141.5	29.51698
142	29.69516
142.5	29.86904
143	30.0373
143.5	30.19952
144	30.35492
144.5	30.50245
145	30.64111
145.5	30.77032
146	30.88929
146.5	30.99771
147	31.17037
147.5	31.38022
148	31.58492
148.5	31.78377
149	31.97591
149.5	32.16034
150	32.33615
150.5	32.50236
151	32.65837
151.5	32.80306
152	32.93565
152.5	33.05524
153	33.16105
153.5	33.25242
154	33.3289
154.5	33.39
155	33.43524
155.5	33.57469
156	33.77077
156.5	33.95378
157	34.12298
157.5	34.27792
158	34.41785
158.5	34.54213
159	34.65018
159.5	34.74168
160	34.81603
160.5	34.87288
161	34.91197
161.5	34.93314
162	34.93642
162.5	34.92194
163	34.92916
163.5	35.09565
164	35.24641
164.5	35.38045
165	35.49727
165.5	35.59635
166	35.67729
166.5	35.7393
167	35.78219
167.5	35.80563
168	35.8088
168.5	35.79238
169	35.75649
169.5	35.70142
170	35.62844
170.5	35.64453
171	35.76449
171.5	35.86558
172	35.9478
172.5	36.01089
173	36.05468
173.5	36.07952
174	36.08545
174.5	36.07264
175	36.04167
175.5	35.99299
176	35.92729
176.5	35.8461
177	35.75006
177.5	35.68463
178	35.77778
178.5	35.85334
179	35.91101
179.5	35.95069
180	35.97288
180.5	35.97813
181	35.96702
181.5	35.93965
182	35.89656
182.5	35.83813
183	35.76425
183.5	35.67622
184	35.57616
184.5	35.46481
185	35.50979
185.5	35.56292
186	35.5996
186.5	35.61997
187	35.62441
187.5	35.61383
188	35.58905
188.5	35.5506
189	35.49927
189.5	35.43589
190	35.36098
190.5	35.27669
191	35.18464
191.5	35.0855
192	35.02164
192.5	35.06395
193	35.09237
193.5	35.1078
194	35.11106
194.5	35.10368
195	35.08636
195.5	35.05969
196	35.02414
196.5	34.98137
197	34.93161
197.5	34.87575
198	34.8145
198.5	34.75
199	34.68077
199.5	34.60942
200	34.59944
