0.5	0
1	0.01
1.5	0.01
2	0.01
2.5	0.01
3	0.02
3.5	0.03
4	0.03
4.5	0.03
5	0.03
5.5	0.03
6	0.04
6.5	0.04
7	0.04
7.5	0.04
8	0.05
8.5	0.05
9	0.05
9.5	0.06
10	0.06
10.5	0.06
11	0.07
11.5	0.07
12	0.07
12.5	0.07
13	0.07
13.5	0.09
14	0.09
14.5	0.09
15	0.09
15.5	0.1
16	0.1
16.5	0.1
17	0.1
17.5	0.1
18	0.11
18.5	0.11
19	0.11
19.5	0.12
20	0.12
20.5	0.13
21	0.13
21.5	0.13
22	0.13
22.5	0.14
23	0.14
23.5	0.14
24	0.15
24.5	0.15
25	0.15
25.5	0.15
26	0.16
26.5	0.16
27	0.16
27.5	0.16
28	0.17
28.5	0.17
29	0.17
29.5	0.17
30	0.18
30.5	0.18
31	0.18
31.5	0.19
32	0.19
32.5	0.19
33	0.19
33.5	0.2
34	0.2
34.5	0.2
35	0.2
35.5	0.21
36	0.21
36.5	0.21
37	0.21
37.5	0.21
38	0.22
38.5	0.22
39	0.22
39.5	0.22
40	0.24
40.5	0.24
41	0.24
41.5	0.24
42	0.25
42.5	0.25
43	0.25
43.5	0.25
44	0.26
44.5	0.26
45	0.26
45.5	0.26
46	0.26
46.5	0.27
47	0.27
47.5	0.27
48	0.27
48.5	0.27
49	0.29
49.5	0.29
50	0.29
50.5	0.29
51	0.3
51.5	0.3
52	0.3
52.5	0.3
53	0.31
53.5	0.31
54	0.31
54.5	0.31
55	0.32
55.5	0.32
56	0.32
56.5	0.32
57	0.33
57.5	0.33
58	0.33
58.5	0.33
59	0.33
59.5	0.34
60	0.34
60.5	0.34
61	0.35
61.5	0.35
62	0.35
62.5	0.36
63	0.37
63.5	0.37
64	0.37
64.5	0.37
65	0.37
65.5	0.37
66	0.38
66.5	0.38
67	0.38
67.5	0.38
68	0.39
68.5	0.39
69	0.39
69.5	0.39
70	0.4
70.5	0.4
71	0.41
71.5	0.41
72	0.41
72.5	0.41
73	0.42
73.5	0.42
74	0.42
74.5	0.42
75	0.42
75.5	0.43
76	0.44
76.5	0.44
77	0.44
77.5	0.44
78	0.44
78.5	0.45
79	0.45
79.5	0.45
80	0.45
80.5	0.46
81	0.46
81.5	0.46
82	0.46
82.5	0.47
83	0.47
83.5	0.47
84	0.47
84.5	0.48
85	0.48
85.5	0.48
86	0.48
86.5	0.49
87	0.49
87.5	0.49
88	0.49
88.5	0.5
89	0.5
89.5	0.5
90	0.52
90.5	0.52
91	0.52
91.5	0.52
92	0.53
92.5	0.53
93	0.53
93.5	0.53
94	0.54
94.5	0.54
95	0.54
95.5	0.55
96	0.55
96.5	0.55
97	0.55
97.5	0.55
98	0.55
98.5	0.56
99	0.56
99.5	0.56
100	0.57
100.5	0.57
101	0.57
101.5	0.57
102	0.58
102.5	0.59
103	0.59
103.5	0.59
104	0.59
104.5	0.6
105	0.6
105.5	0.61
106	0.61
106.5	0.61
107	0.61
107.5	0.62
108	0.62
108.5	0.62
109	0.62
109.5	0.63
110	0.63
110.5	0.63
111	0.64
111.5	0.64
112	0.64
112.5	0.64
113	0.65
113.5	0.66
114	0.66
114.5	0.66
115	0.66
115.5	0.67
116	0.67
116.5	0.67
117	0.68
117.5	0.68
118	0.68
118.5	0.68
119	0.68
119.5	0.69
120	0.69
120.5	0.69
121	0.69
121.5	0.7
122	0.7
122.5	0.7
123	0.7
123.5	0.72
124	0.72
124.5	0.72
125	0.72
125.5	0.72
126	0.73
126.5	0.73
127	0.73
127.5	0.73
128	0.73
128.5	0.73
129	0.74
129.5	0.74
130	0.75
130.5	0.76
131	0.76
131.5	0.76
132	0.76
132.5	0.76
133	0.76
133.5	0.77
134	0.77
134.5	0.77
135	0.77
135.5	0.78
136	0.78
136.5	0.78
137	0.78
137.5	0.78
138	0.78
138.5	0.79
139	0.79
139.5	0.79
140	0.8
140.5	0.8
141	0.8
141.5	0.8
142	0.81
142.5	0.82
143	0.82
143.5	0.82
144	0.82
144.5	0.83
145	0.83
145.5	0.83
146	0.83
146.5	0.83
147	0.84
147.5	0.84
148	0.84
148.5	0.85
149	0.85
149.5	0.85
150	0.86
150.5	0.86
151	0.86
151.5	0.86
152	0.86
152.5	0.86
153	0.87
153.5	0.88
154	0.88
154.5	0.88
155	0.88
155.5	0.89
156	0.89
156.5	0.89
157	0.89
157.5	0.9
158	0.9
158.5	0.9
159	0.9
159.5	0.91
160	0.91
160.5	0.92
161	0.92
161.5	0.92
162	0.92
162.5	0.92
163	0.92
163.5	0.93
164	0.93
164.5	0.93
165	0.94
165.5	0.94
166	0.94
166.5	0.94
167	0.95
167.5	0.95
168	0.95
168.5	0.95
169	0.96
169.5	0.96
170	0.97
170.5	0.97
171	0.97
171.5	0.98
172	0.98
172.5	0.98
173	0.98
173.5	0.98
174	0.98
174.5	0.99
175	0.99
175.5	0.99
176	0.99
176.5	1
177	1
177.5	1
178	1.01
178.5	1.01
179	1.02
179.5	1.02
180	1.03
180.5	1.03
181	1.03
181.5	1.03
182	1.04
182.5	1.04
183	1.04
183.5	1.04
184	1.05
184.5	1.05
185	1.05
185.5	1.05
186	1.06
186.5	1.06
187	1.06
187.5	1.06
188	1.07
188.5	1.07
189	1.07
189.5	1.07
190	1.08
190.5	1.08
191	1.08
191.5	1.08
192	1.09
192.5	1.09
193	1.09
193.5	1.09
194	1.1
194.5	1.1
195	1.1
195.5	1.1
196	1.11
196.5	1.11
197	1.11
197.5	1.11
198	1.11
198.5	1.12
199	1.12
199.5	1.12
200	1.13
