0.5	0
1	0.002006126
1.5	0.001428686
2	0.001048597
2.5	0.001402632
3	0.001293633
3.5	0.001808146
4	0.001574681
4.5	0.001443703
5	0.001703265
5.5	0.001268755
6	0.001065573
6.5	0.001396063
7	0.001678566
7.5	0.001743186
8	0.00179071
8.5	0.001997777
9	0.002170561
9.5	0.002135682
10	0.001880814
10.5	0.002080322
11	0.002245596
11.5	0.002202951
12	0.002231336
12.5	0.002083761
13	0.001919229
13.5	0.001995489
14	0.001762712
14.5	0.001640696
15	0.001717866
15.5	0.001504605
16	0.001521748
16.5	0.001324347
17	0.00134314
17.5	0.001351209
18	0.001200267
18.5	0.001185974
19	0.0009794114
19.5	0.0009298589
20	0.0009021683
20.5	0.00100231
21	0.000836873
21.5	0.0007323589
22	0.0008131964
22.5	0.0007553093
23	0.000670189
23.5	0.0008959945
24	0.0008441308
24.5	0.0007725272
25	0.0008176855
25.5	0.0007247182
26	0.0007194562
26.5	0.0005481917
27	0.0005151138
27.5	0.0005255878
28	0.0005517397
28.5	0.0005420567
29	0.000510421
29.5	0.0005044544
30	0.0005674879
30.5	0.000563773
31	0.0005956672
31.5	0.0006022112
32	0.0004998892
32.5	0.0005058684
33	0.000565435
33.5	0.0004934657
34	0.0005610673
34.5	0.0005255766
35	0.0004535363
35.5	0.0004988026
36	0.0004834862
36.5	0.0004742977
37	0.0004907212
37.5	0.000492477
38	0.0005409635
38.5	0.0004991307
39	0.0005310634
39.5	0.0004351859
40	0.0004473095
40.5	0.0004238575
41	0.0005299241
41.5	0.0005353575
42	0.0004429582
42.5	0.0004502138
43	0.0005289383
43.5	0.0005504372
44	0.0004922909
44.5	0.0005286065
45	0.0003978118
45.5	0.0005192176
46	0.0004457203
46.5	0.0004245462
47	0.0004719954
47.5	0.000340922
48	0.0003703448
48.5	0.0003468308
49	0.0003260898
49.5	0.0003004664
50	0.0003058265
50.5	0.0002911663
51	0.0002861272
51.5	0.0002538546
52	0.0002614902
52.5	0.000264377
53	0.0002738012
53.5	0.0002951029
54	0.0002874538
54.5	0.0003202204
55	0.0003478588
55.5	0.0003811384
56	0.0003818457
56.5	0.000383057
57	0.0003601391
57.5	0.0003550264
58	0.0003938841
58.5	0.0003875488
59	0.0003097357
59.5	0.0002703754
60	0.000354689
60.5	0.0003706402
61	0.0003572037
61.5	0.0002710275
62	0.0002965696
62.5	0.000248713
63	0.000383407
63.5	0.0003784585
64	0.0003770689
64.5	0.0003765746
65	0.0003095088
65.5	0.0002816113
66	0.0002795875
66.5	0.0003001635
67	0.000324093
67.5	0.0003246583
68	0.0003091609
68.5	0.0003089663
69	0.0003125567
69.5	0.0003393873
70	0.0002443645
70.5	0.0002527854
71	0.0002582099
71.5	0.0002795094
72	0.0002673829
72.5	0.0003380239
73	0.000335767
73.5	0.0003342304
74	0.0003459203
74.5	0.0003230639
75	0.0002842837
75.5	0.0002809154
76	0.0002905175
76.5	0.0002727278
77	0.00025545
77.5	0.000280427
78	0.0003152975
78.5	0.0002923834
79	0.0003031781
79.5	0.000218672
80	0.0002546351
80.5	0.000266049
81	0.0002202241
81.5	0.0002043925
82	0.0002087872
82.5	0.0002170623
83	0.0002203671
83.5	0.0002434402
84	0.0002753162
84.5	0.0003217136
85	0.0002800845
85.5	0.0003009452
86	0.0002859717
86.5	0.0003016012
87	0.000293193
87.5	0.0002975041
88	0.0003113505
88.5	0.0002302192
89	0.0002310818
89.5	0.0003032124
90	0.0003005898
90.5	0.000249646
91	0.0002513903
91.5	0.0002553874
92	0.0002183439
92.5	0.0002763376
93	0.0002720813
93.5	0.0002204915
94	0.0002262821
94.5	0.0002076818
95	0.0002080527
95.5	0.0002147756
96	0.0002068541
96.5	0.0002079123
97	0.0002147167
97.5	0.0002182666
98	0.0002097857
98.5	0.0001927456
99	0.0002484843
99.5	0.000245211
100	0.000232589
100.5	0.0002276408
101	0.0002395437
101.5	0.0002435837
102	0.0002449111
102.5	0.0002508974
103	0.0002197345
103.5	0.0001916623
104	0.0001871935
104.5	0.0001964174
105	0.0002019546
105.5	0.0002157379
106	0.0002244599
106.5	0.0002350826
107	0.0002387714
107.5	0.0002488027
108	0.0002178617
108.5	0.0001981077
109	0.0001985139
109.5	0.0002292172
110	0.0001720111
110.5	0.0001749028
111	0.0002345756
111.5	0.0001618046
112	0.000171132
112.5	0.0001704639
113	0.0002287079
113.5	0.000172581
114	0.0001766744
114.5	0.0001789753
115	0.0001727343
115.5	0.0001669199
116	0.0001677986
116.5	0.0002167815
117	0.0002008246
117.5	0.0002114588
118	0.0002250726
118.5	0.0001537557
119	0.0001541791
119.5	0.0001616644
120	0.0001566678
120.5	0.000164446
121	0.0001654145
121.5	0.0001831507
122	0.0001818298
122.5	0.0001510625
123	0.0001422731
123.5	0.0001441146
124	0.0002168388
124.5	0.0001435407
125	0.0002103588
125.5	0.0002132026
126	0.0002043385
126.5	0.0001346269
127	0.0001491822
127.5	0.0001525277
128	0.0001381581
128.5	0.0001384465
129	0.0001402787
129.5	0.0001418005
130	0.0001471616
130.5	0.000166302
131	0.0001878628
131.5	0.0001798216
132	0.0001648936
132.5	0.0001808938
133	0.000193426
133.5	0.0002027233
134	0.0001804519
134.5	0.0001726578
135	0.0001728776
135.5	0.0001713861
136	0.0001783854
136.5	0.0001928077
137	0.0001951882
137.5	0.0001868449
138	0.000187499
138.5	0.0001813554
139	0.0001809734
139.5	0.0001906056
140	0.0001872563
140.5	0.0001830986
141	0.0001818076
141.5	0.0001897709
142	0.0001783725
142.5	0.0001855652
143	0.0002017509
143.5	0.000199556
144	0.0002037901
144.5	0.0002105202
145	0.0002069422
145.5	0.0001944223
146	0.0001514889
146.5	0.0001534257
147	0.0002009811
147.5	0.0001825481
148	0.0001735713
148.5	0.0001744179
149	0.0001757967
149.5	0.0001756275
150	0.0001831925
150.5	0.00018761
151	0.0001906038
151.5	0.0001850169
152	0.0001870247
152.5	0.0001318442
153	0.0001404966
153.5	0.0001453491
154	0.0001604213
154.5	0.0001669755
155	0.0001478256
155.5	0.00013565
156	0.0001416486
156.5	0.0001515733
157	0.0001508917
157.5	0.000152948
158	0.0001444352
158.5	0.0002085533
159	0.0001552206
159.5	0.0001540822
160	0.0001366899
160.5	0.0001314043
161	0.0001242477
161.5	0.0001291994
162	0.0001363
162.5	0.0001428966
163	0.0001568733
163.5	0.0001887376
164	0.0001924971
164.5	0.0001965845
165	0.000200464
165.5	0.000154827
166	0.0001892974
166.5	0.0001708738
167	0.000164793
167.5	0.000180425
168	0.0001959828
168.5	0.0001847498
169	0.0001881209
169.5	0.0001829676
170	0.0001525943
170.5	0.0001506967
171	0.0002034129
171.5	0.0001953473
172	0.000185423
172.5	0.0001735298
173	0.0001989216
173.5	0.000209193
174	0.0002123596
174.5	0.0001688956
175	0.0001735502
175.5	0.0001692094
176	0.0001621051
176.5	0.0001562872
177	0.000156573
177.5	0.0001494305
178	0.0001473965
178.5	0.0001549171
179	0.0001497567
179.5	0.0001486365
180	0.0001515204
180.5	0.0001618962
181	0.0001586361
181.5	0.0001684048
182	0.0001815348
182.5	0.0002079397
183	0.0002069932
183.5	0.0001652711
184	0.0001553508
184.5	0.0002018367
185	0.0001965434
185.5	0.0001883204
186	0.0001922497
186.5	0.0001849123
187	0.0001693229
187.5	0.0001822177
188	0.0001889758
188.5	0.0001909015
189	0.0001979128
189.5	0.0002304326
190	0.0001967914
190.5	0.0001734015
191	0.0002039473
191.5	0.0002319893
192	0.0002132778
192.5	0.0001710334
193	0.0001759759
193.5	0.0001625871
194	0.0001831042
194.5	0.0001866062
195	0.0002122448
195.5	0.0001824628
196	0.0001870219
196.5	0.0001998478
197	0.0002008414
197.5	0.0002208311
198	0.0002097066
198.5	0.0002141113
199	0.0002298845
199.5	0.0002035238
200	0.000211558
