0.5	0
1	1.49993e-05
1.5	1.321563e-05
2	1.044483e-05
2.5	1.131845e-05
3	1.27024e-05
3.5	1.650684e-05
4	1.049805e-05
4.5	9.822217e-06
5	1.17963e-05
5.5	1.214416e-05
6	8.010891e-06
6.5	1.322705e-05
7	1.197069e-05
7.5	1.377715e-05
8	1.535371e-05
8.5	1.597449e-05
9	1.705886e-05
9.5	1.509702e-05
10	1.64582e-05
10.5	1.213544e-05
11	2.057712e-05
11.5	1.597611e-05
12	1.70468e-05
12.5	1.551495e-05
13	1.36227e-05
13.5	1.317252e-05
14	1.707401e-05
14.5	1.581728e-05
15	1.430808e-05
15.5	1.478778e-05
16	1.31442e-05
16.5	1.177052e-05
17	1.092449e-05
17.5	1.143127e-05
18	1.180112e-05
18.5	9.903568e-06
19	7.308676e-06
19.5	8.863114e-06
20	7.262635e-06
20.5	7.570854e-06
21	5.374081e-06
21.5	7.095668e-06
22	7.678872e-06
22.5	7.280896e-06
23	5.608189e-06
23.5	8.023326e-06
24	8.17378e-06
24.5	6.400523e-06
25	6.178929e-06
25.5	7.045798e-06
26	5.525365e-06
26.5	5.180797e-06
27	5.139775e-06
27.5	4.442356e-06
28	4.612911e-06
28.5	3.906985e-06
29	4.016502e-06
29.5	4.72836e-06
30	4.622333e-06
30.5	4.990391e-06
31	5.582102e-06
31.5	4.86026e-06
32	3.646758e-06
32.5	4.777322e-06
33	3.829512e-06
33.5	4.678341e-06
34	4.680756e-06
34.5	4.31274e-06
35	3.659002e-06
35.5	3.81516e-06
36	3.563858e-06
36.5	4.729102e-06
37	4.621315e-06
37.5	4.514854e-06
38	4.35266e-06
38.5	3.534064e-06
39	5.112781e-06
39.5	4.060545e-06
40	3.785513e-06
40.5	3.588212e-06
41	4.391017e-06
41.5	3.478791e-06
42	3.879294e-06
42.5	4.332493e-06
43	3.848936e-06
43.5	4.672812e-06
44	4.187522e-06
44.5	4.264284e-06
45	3.256195e-06
45.5	3.616609e-06
46	4.092008e-06
46.5	3.415507e-06
47	4.631419e-06
47.5	2.942625e-06
48	3.139529e-06
48.5	3.396255e-06
49	2.692405e-06
49.5	2.452535e-06
50	2.684588e-06
50.5	2.267069e-06
51	1.923707e-06
51.5	2.517151e-06
52	2.255504e-06
52.5	2.4439e-06
53	2.568068e-06
53.5	2.845016e-06
54	2.669385e-06
54.5	3.157594e-06
55	2.151738e-06
55.5	3.143883e-06
56	2.94449e-06
56.5	3.544296e-06
57	3.571607e-06
57.5	3.471456e-06
58	3.222395e-06
58.5	3.698632e-06
59	3.021928e-06
59.5	2.444289e-06
60	2.632183e-06
60.5	2.460608e-06
61	3.076236e-06
61.5	1.990779e-06
62	2.134983e-06
62.5	1.776359e-06
63	3.258297e-06
63.5	3.183296e-06
64	2.645792e-06
64.5	2.596775e-06
65	2.853019e-06
65.5	2.414477e-06
66	2.757477e-06
66.5	2.674625e-06
67	3.111632e-06
67.5	2.810593e-06
68	2.254733e-06
68.5	2.671319e-06
69	2.71503e-06
69.5	3.144385e-06
70	1.764941e-06
70.5	2.111043e-06
71	2.197246e-06
71.5	2.76169e-06
72	2.470617e-06
72.5	3.091816e-06
73	3.247608e-06
73.5	2.176791e-06
74	3.147436e-06
74.5	2.648483e-06
75	2.819988e-06
75.5	2.753694e-06
76	2.796742e-06
76.5	2.721797e-06
77	1.969015e-06
77.5	2.522229e-06
78	2.440604e-06
78.5	2.743393e-06
79	2.010924e-06
79.5	1.302087e-06
80	2.404852e-06
80.5	2.655022e-06
81	1.823114e-06
81.5	1.955617e-06
82	1.682692e-06
82.5	2.134006e-06
83	2.137196e-06
83.5	2.357336e-06
84	2.716893e-06
84.5	3.17868e-06
85	2.690504e-06
85.5	2.529836e-06
86	2.829954e-06
86.5	2.529138e-06
87	2.621412e-06
87.5	2.639977e-06
88	2.885279e-06
88.5	2.220828e-06
89	2.043485e-06
89.5	2.234854e-06
90	2.744272e-06
90.5	1.78048e-06
91	1.972849e-06
91.5	2.518199e-06
92	2.111958e-06
92.5	2.699027e-06
93	2.061989e-06
93.5	2.101857e-06
94	1.59927e-06
94.5	1.77759e-06
95	1.890892e-06
95.5	2.048792e-06
96	2.013502e-06
96.5	1.889605e-06
97	1.986916e-06
97.5	1.545114e-06
98	1.865588e-06
98.5	1.349818e-06
99	2.025395e-06
99.5	2.210727e-06
100	1.91572e-06
100.5	1.891806e-06
101	2.388909e-06
101.5	2.189642e-06
102	2.211128e-06
102.5	2.476417e-06
103	1.84933e-06
103.5	1.889089e-06
104	1.005549e-06
104.5	1.625724e-06
105	1.942466e-06
105.5	1.449078e-06
106	1.784836e-06
106.5	2.021976e-06
107	1.996898e-06
107.5	2.137802e-06
108	1.713747e-06
108.5	1.719796e-06
109	1.924007e-06
109.5	1.512718e-06
110	1.26388e-06
110.5	1.598465e-06
111	1.819779e-06
111.5	1.517167e-06
112	1.604145e-06
112.5	1.46341e-06
113	2.198616e-06
113.5	1.531273e-06
114	1.719396e-06
114.5	1.633275e-06
115	1.16128e-06
115.5	1.61355e-06
116	1.007592e-06
116.5	1.837565e-06
117	1.927858e-06
117.5	1.66719e-06
118	2.12907e-06
118.5	1.346369e-06
119	1.463527e-06
119.5	1.426382e-06
120	1.408305e-06
120.5	1.126631e-06
121	1.112944e-06
121.5	1.680617e-06
122	1.703994e-06
122.5	1.307951e-06
123	1.379888e-06
123.5	1.399865e-06
124	1.703562e-06
124.5	1.04934e-06
125	1.769854e-06
125.5	1.390987e-06
126	1.360996e-06
126.5	1.289246e-06
127	1.265515e-06
127.5	1.424607e-06
128	1.241661e-06
128.5	1.264031e-06
129	1.170304e-06
129.5	1.289224e-06
130	1.21841e-06
130.5	1.409731e-06
131	1.477968e-06
131.5	1.330446e-06
132	1.491229e-06
132.5	1.732277e-06
133	1.814421e-06
133.5	1.98609e-06
134	1.60895e-06
134.5	1.624012e-06
135	1.697167e-06
135.5	1.354579e-06
136	1.611029e-06
136.5	1.887403e-06
137	1.702728e-06
137.5	1.777171e-06
138	1.870095e-06
138.5	1.562459e-06
139	1.790425e-06
139.5	1.877401e-06
140	1.757208e-06
140.5	1.518351e-06
141	1.733156e-06
141.5	1.786372e-06
142	1.557871e-06
142.5	1.133433e-06
143	1.144334e-06
143.5	1.591066e-06
144	2.001738e-06
144.5	1.423657e-06
145	1.277461e-06
145.5	1.521322e-06
146	1.447989e-06
146.5	1.321463e-06
147	1.800521e-06
147.5	1.308887e-06
148	1.08326e-06
148.5	1.597124e-06
149	1.695886e-06
149.5	1.710647e-06
150	1.589555e-06
150.5	1.588449e-06
151	1.720164e-06
151.5	1.586492e-06
152	1.652963e-06
152.5	1.263955e-06
153	1.399875e-06
153.5	1.000429e-06
154	1.584563e-06
154.5	1.318504e-06
155	1.100239e-06
155.5	1.062909e-06
156	1.239417e-06
156.5	1.295346e-06
157	1.008208e-06
157.5	1.401609e-06
158	1.282552e-06
158.5	1.801433e-06
159	1.283353e-06
159.5	1.271322e-06
160	1.220209e-06
160.5	1.066577e-06
161	1.130544e-06
161.5	1.112599e-06
162	1.33473e-06
162.5	1.376161e-06
163	1.496602e-06
163.5	1.477768e-06
164	1.248417e-06
164.5	1.315125e-06
165	1.93897e-06
165.5	1.32112e-06
166	1.753447e-06
166.5	1.269518e-06
167	1.642716e-06
167.5	1.741947e-06
168	1.706672e-06
168.5	1.650471e-06
169	1.574811e-06
169.5	1.31928e-06
170	1.5082e-06
170.5	1.106789e-06
171	1.652124e-06
171.5	1.618023e-06
172	1.686932e-06
172.5	1.509289e-06
173	1.495838e-06
173.5	1.773481e-06
174	1.526398e-06
174.5	1.517868e-06
175	1.590226e-06
175.5	1.596869e-06
176	1.495453e-06
176.5	1.282734e-06
177	1.34471e-06
177.5	1.38753e-06
178	1.303245e-06
178.5	1.436024e-06
179	1.378439e-06
179.5	1.425719e-06
180	1.382351e-06
180.5	1.493497e-06
181	1.260183e-06
181.5	1.190606e-06
182	1.23841e-06
182.5	1.788909e-06
183	1.577017e-06
183.5	1.261335e-06
184	1.361447e-06
184.5	1.87618e-06
185	1.705343e-06
185.5	1.714295e-06
186	1.89088e-06
186.5	1.414684e-06
187	1.547902e-06
187.5	1.692243e-06
188	1.628306e-06
188.5	1.266489e-06
189	1.313111e-06
189.5	2.036854e-06
190	1.697497e-06
190.5	1.670792e-06
191	1.991778e-06
191.5	1.594062e-06
192	1.623832e-06
192.5	1.474368e-06
193	1.755659e-06
193.5	1.458003e-06
194	1.656042e-06
194.5	1.786722e-06
195	1.47054e-06
195.5	1.348359e-06
196	1.406291e-06
196.5	1.996031e-06
197	1.632744e-06
197.5	2.091117e-06
198	1.918195e-06
198.5	2.041946e-06
199	2.020561e-06
199.5	1.487542e-06
200	1.678772e-06
