0.5	0
1	1.496984e-05
1.5	1.320527e-05
2	1.043935e-05
2.5	1.131172e-05
3	1.269594e-05
3.5	1.649141e-05
4	1.054448e-05
4.5	9.836088e-06
5	1.180075e-05
5.5	1.215442e-05
6	8.022602e-06
6.5	1.324987e-05
7	1.199507e-05
7.5	1.380335e-05
8	1.537079e-05
8.5	1.597539e-05
9	1.704708e-05
9.5	1.507909e-05
10	1.645959e-05
10.5	1.213239e-05
11	2.056599e-05
11.5	1.598147e-05
12	1.70691e-05
12.5	1.554551e-05
13	1.365122e-05
13.5	1.320415e-05
14	1.709338e-05
14.5	1.582926e-05
15	1.432498e-05
15.5	1.480711e-05
16	1.315429e-05
16.5	1.17807e-05
17	1.093813e-05
17.5	1.144683e-05
18	1.181564e-05
18.5	9.915331e-06
19	7.31525e-06
19.5	8.87155e-06
20	7.270128e-06
20.5	7.582107e-06
21	5.385288e-06
21.5	7.102755e-06
22	7.681667e-06
22.5	7.282782e-06
23	5.609911e-06
23.5	8.024528e-06
24	8.175308e-06
24.5	6.401395e-06
25	6.180916e-06
25.5	7.048901e-06
26	5.527002e-06
26.5	5.182119e-06
27	5.140372e-06
27.5	4.443178e-06
28	4.614105e-06
28.5	3.907988e-06
29	4.017365e-06
29.5	4.729506e-06
30	4.624247e-06
30.5	4.992899e-06
31	5.584209e-06
31.5	4.862518e-06
32	3.649172e-06
32.5	4.782012e-06
33	3.834364e-06
33.5	4.681919e-06
34	4.68293e-06
34.5	4.314081e-06
35	3.660185e-06
35.5	3.816213e-06
36	3.564741e-06
36.5	4.730172e-06
37	4.622388e-06
37.5	4.515924e-06
38	4.353979e-06
38.5	3.5354e-06
39	5.114813e-06
39.5	4.062168e-06
40	3.786862e-06
40.5	3.589087e-06
41	4.391982e-06
41.5	3.479645e-06
42	3.88018e-06
42.5	4.333561e-06
43	3.850208e-06
43.5	4.673926e-06
44	4.188226e-06
44.5	4.264817e-06
45	3.256857e-06
45.5	3.617238e-06
46	4.092561e-06
46.5	3.415956e-06
47	4.6322e-06
47.5	2.943108e-06
48	3.140107e-06
48.5	3.396875e-06
49	2.692867e-06
49.5	2.452876e-06
50	2.684943e-06
50.5	2.26731e-06
51	1.923876e-06
51.5	2.517364e-06
52	2.255744e-06
52.5	2.444198e-06
53	2.568425e-06
53.5	2.845325e-06
54	2.669562e-06
54.5	3.157719e-06
55	2.151769e-06
55.5	3.143812e-06
56	2.944449e-06
56.5	3.544195e-06
57	3.571654e-06
57.5	3.471516e-06
58	3.222453e-06
58.5	3.698754e-06
59	3.022153e-06
59.5	2.444491e-06
60	2.632413e-06
60.5	2.460835e-06
61	3.076526e-06
61.5	1.990891e-06
62	2.135108e-06
62.5	1.776541e-06
63	3.2587e-06
63.5	3.183742e-06
64	2.646168e-06
64.5	2.597173e-06
65	2.853345e-06
65.5	2.41465e-06
66	2.757674e-06
66.5	2.674744e-06
67	3.111748e-06
67.5	2.810758e-06
68	2.2549e-06
68.5	2.671545e-06
69	2.715327e-06
69.5	3.144712e-06
70	1.765179e-06
70.5	2.111293e-06
71	2.197459e-06
71.5	2.761914e-06
72	2.470733e-06
72.5	3.091987e-06
73	3.247744e-06
73.5	2.17683e-06
74	3.147423e-06
74.5	2.648444e-06
75	2.819937e-06
75.5	2.753641e-06
76	2.796768e-06
76.5	2.721793e-06
77	1.968962e-06
77.5	2.522192e-06
78	2.440624e-06
78.5	2.743272e-06
79	2.01092e-06
79.5	1.302052e-06
80	2.404734e-06
80.5	2.654889e-06
81	1.823064e-06
81.5	1.9556e-06
82	1.682673e-06
82.5	2.133971e-06
83	2.137157e-06
83.5	2.357288e-06
84	2.716832e-06
84.5	3.178609e-06
85	2.690473e-06
85.5	2.529803e-06
86	2.830057e-06
86.5	2.529274e-06
87	2.621586e-06
87.5	2.640216e-06
88	2.885535e-06
88.5	2.221014e-06
89	2.043615e-06
89.5	2.234929e-06
90	2.744391e-06
90.5	1.780595e-06
91	1.972954e-06
91.5	2.518292e-06
92	2.112007e-06
92.5	2.699026e-06
93	2.061948e-06
93.5	2.101792e-06
94	1.59922e-06
94.5	1.777553e-06
95	1.890906e-06
95.5	2.048779e-06
96	2.013513e-06
96.5	1.88955e-06
97	1.986889e-06
97.5	1.545123e-06
98	1.865621e-06
98.5	1.349877e-06
99	2.025475e-06
99.5	2.210799e-06
100	1.915776e-06
100.5	1.891868e-06
101	2.388964e-06
101.5	2.189646e-06
102	2.211006e-06
102.5	2.476196e-06
103	1.849276e-06
103.5	1.889029e-06
104	1.005517e-06
104.5	1.625662e-06
105	1.942374e-06
105.5	1.44901e-06
106	1.78477e-06
106.5	2.021903e-06
107	1.996817e-06
107.5	2.13773e-06
108	1.713711e-06
108.5	1.719787e-06
109	1.923895e-06
109.5	1.512836e-06
110	1.263795e-06
110.5	1.598459e-06
111	1.819738e-06
111.5	1.517119e-06
112	1.604095e-06
112.5	1.463358e-06
113	2.198635e-06
113.5	1.531271e-06
114	1.719372e-06
114.5	1.633253e-06
115	1.161285e-06
115.5	1.613549e-06
116	1.007603e-06
116.5	1.837625e-06
117	1.927873e-06
117.5	1.667196e-06
118	2.129063e-06
118.5	1.346396e-06
119	1.463595e-06
119.5	1.426448e-06
120	1.408375e-06
120.5	1.126687e-06
121	1.112998e-06
121.5	1.680708e-06
122	1.70407e-06
122.5	1.307984e-06
123	1.379893e-06
123.5	1.39987e-06
124	1.703576e-06
124.5	1.049393e-06
125	1.769903e-06
125.5	1.391032e-06
126	1.361046e-06
126.5	1.289346e-06
127	1.265617e-06
127.5	1.424721e-06
128	1.241734e-06
128.5	1.264114e-06
129	1.170401e-06
129.5	1.289343e-06
130	1.218536e-06
130.5	1.40991e-06
131	1.478209e-06
131.5	1.330403e-06
132	1.49124e-06
132.5	1.732266e-06
133	1.814414e-06
133.5	1.986097e-06
134	1.608951e-06
134.5	1.624038e-06
135	1.697198e-06
135.5	1.354606e-06
136	1.611057e-06
136.5	1.887431e-06
137	1.702764e-06
137.5	1.777181e-06
138	1.870097e-06
138.5	1.562455e-06
139	1.790409e-06
139.5	1.877383e-06
140	1.75722e-06
140.5	1.518362e-06
141	1.733165e-06
141.5	1.78638e-06
142	1.557854e-06
142.5	1.133389e-06
143	1.144273e-06
143.5	1.590999e-06
144	2.001642e-06
144.5	1.423563e-06
145	1.277369e-06
145.5	1.521243e-06
146	1.448003e-06
146.5	1.321495e-06
147	1.800524e-06
147.5	1.308909e-06
148	1.083292e-06
148.5	1.597181e-06
149	1.695951e-06
149.5	1.710721e-06
150	1.589614e-06
150.5	1.588488e-06
151	1.72019e-06
151.5	1.586518e-06
152	1.652978e-06
152.5	1.263979e-06
153	1.399902e-06
153.5	1.000461e-06
154	1.584634e-06
154.5	1.318583e-06
155	1.100287e-06
155.5	1.062927e-06
156	1.23941e-06
156.5	1.29536e-06
157	1.008225e-06
157.5	1.40165e-06
158	1.28259e-06
158.5	1.801484e-06
159	1.283408e-06
159.5	1.27138e-06
160	1.220268e-06
160.5	1.066626e-06
161	1.130596e-06
161.5	1.112656e-06
162	1.334794e-06
162.5	1.376234e-06
163	1.496687e-06
163.5	1.477871e-06
164	1.248504e-06
164.5	1.31524e-06
165	1.939084e-06
165.5	1.321238e-06
166	1.753543e-06
166.5	1.269589e-06
167	1.642788e-06
167.5	1.741976e-06
168	1.70667e-06
168.5	1.650487e-06
169	1.574827e-06
169.5	1.319316e-06
170	1.508268e-06
170.5	1.106824e-06
171	1.652196e-06
171.5	1.618094e-06
172	1.687016e-06
172.5	1.509364e-06
173	1.495925e-06
173.5	1.773571e-06
174	1.526465e-06
174.5	1.51789e-06
175	1.590241e-06
175.5	1.596849e-06
176	1.495464e-06
176.5	1.282733e-06
177	1.344716e-06
177.5	1.38754e-06
178	1.303253e-06
178.5	1.436014e-06
179	1.378455e-06
179.5	1.42574e-06
180	1.382399e-06
180.5	1.493557e-06
181	1.26022e-06
181.5	1.190621e-06
182	1.23841e-06
182.5	1.788857e-06
183	1.576992e-06
183.5	1.261325e-06
184	1.36143e-06
184.5	1.876133e-06
185	1.705278e-06
185.5	1.714213e-06
186	1.890807e-06
186.5	1.414597e-06
187	1.547764e-06
187.5	1.692056e-06
188	1.628124e-06
188.5	1.266364e-06
189	1.312952e-06
189.5	2.036572e-06
190	1.697259e-06
190.5	1.670622e-06
191	1.991651e-06
191.5	1.593918e-06
192	1.623657e-06
192.5	1.47419e-06
193	1.755462e-06
193.5	1.457845e-06
194	1.655882e-06
194.5	1.786572e-06
195	1.470425e-06
195.5	1.348238e-06
196	1.406174e-06
196.5	1.995781e-06
197	1.632549e-06
197.5	2.090845e-06
198	1.91808e-06
198.5	2.04181e-06
199	2.020546e-06
199.5	1.487511e-06
200	1.678778e-06
