0.5	0
1	0.008315629
1.5	0.002402097
2	0.001452179
2.5	0.001801165
3	0.001607474
3.5	0.002212682
4	0.001899952
4.5	0.001729127
5	0.002018771
5.5	0.00149295
6	0.001245056
6.5	0.001613373
7	0.001914787
7.5	0.00197629
8	0.002071261
8.5	0.002310952
9	0.002582379
9.5	0.002553972
10	0.002220804
10.5	0.002478125
11	0.002685369
11.5	0.002615894
12	0.002674987
12.5	0.002437803
13	0.002244189
13.5	0.002307062
14	0.002038198
14.5	0.00188219
15	0.001934933
15.5	0.00168523
16	0.001692436
16.5	0.001450908
17	0.001448672
17.5	0.001452899
18	0.001290359
18.5	0.001267287
19	0.001042072
19.5	0.0009843476
20	0.0009513396
20.5	0.001053273
21	0.0008731319
21.5	0.0007614952
22	0.0008418032
22.5	0.0007778205
23	0.0006889648
23.5	0.0009218482
24	0.0008688904
24.5	0.0007947239
25	0.0008406255
25.5	0.0007460889
26	0.0007395768
26.5	0.0005616598
27	0.0005258361
27.5	0.000535108
28	0.0005600478
28.5	0.0005490767
29	0.0005174705
29.5	0.0005103311
30	0.0005725819
30.5	0.0005674926
31	0.0006003439
31.5	0.0006075462
32	0.0005035265
32.5	0.0005099179
33	0.0005688172
33.5	0.0004962853
34	0.0005644302
34.5	0.0005274639
35	0.0004540446
35.5	0.0004994377
36	0.0004826759
36.5	0.0004737492
37	0.0004908967
37.5	0.0004939279
38	0.0005434536
38.5	0.0005003058
39	0.0005312641
39.5	0.0004353594
40	0.0004477871
40.5	0.0004238813
41	0.0005307083
41.5	0.0005360216
42	0.0004439157
42.5	0.0004522352
43	0.0005326891
43.5	0.0005550343
44	0.000497022
44.5	0.0005335251
45	0.0004006652
45.5	0.0005227096
46	0.0004482596
46.5	0.0004265517
47	0.0004744914
47.5	0.0003430319
48	0.0003720997
48.5	0.0003480926
49	0.0003273679
49.5	0.0003014431
50	0.0003065669
50.5	0.0002922279
51	0.0002873069
51.5	0.0002544315
52	0.0002618529
52.5	0.0002648731
53	0.0002740377
53.5	0.0002955288
54	0.0002882225
54.5	0.000320794
55	0.0003477936
55.5	0.0003810232
56	0.0003818182
56.5	0.0003824754
57	0.0003589863
57.5	0.0003541532
58	0.0003929052
58.5	0.0003866293
59	0.0003090152
59.5	0.0002698242
60	0.0003538013
60.5	0.000369773
61	0.0003569266
61.5	0.000271241
62	0.0002966923
62.5	0.0002485174
63	0.0003828416
63.5	0.0003781391
64	0.0003773364
64.5	0.0003773386
65	0.000310534
65.5	0.0002827674
66	0.0002807786
66.5	0.0003013265
67	0.0003254959
67.5	0.0003262241
68	0.0003103427
68.5	0.0003097735
69	0.0003130597
69.5	0.0003400384
70	0.0002449579
70.5	0.0002533908
71	0.0002587721
71.5	0.0002800981
72	0.0002681151
72.5	0.0003390708
73	0.0003369387
73.5	0.0003358409
74	0.0003476336
74.5	0.0003243478
75	0.0002852315
75.5	0.0002817084
76	0.0002917839
76.5	0.0002740108
77	0.0002567859
77.5	0.0002821317
78	0.0003174031
78.5	0.0002943786
79	0.0003052367
79.5	0.0002201285
80	0.0002558789
80.5	0.0002669823
81	0.0002208821
81.5	0.0002050822
82	0.0002096203
82.5	0.0002178524
83	0.0002210382
83.5	0.0002439166
84	0.0002756833
84.5	0.0003229045
85	0.0002815669
85.5	0.000302185
86	0.0002876108
86.5	0.0003033682
87	0.0002949132
87.5	0.0002992976
88	0.0003132858
88.5	0.000231592
89	0.000232424
89.5	0.0003046357
90	0.0003013968
90.5	0.0002501625
91	0.0002518373
91.5	0.0002558583
92	0.0002187348
92.5	0.0002770766
93	0.0002727042
93.5	0.0002211598
94	0.0002269886
94.5	0.0002082927
95	0.0002087224
95.5	0.0002154859
96	0.0002074443
96.5	0.0002083048
97	0.0002149377
97.5	0.0002184769
98	0.0002100474
98.5	0.0001930839
99	0.0002488659
99.5	0.0002455
100	0.0002327901
100.5	0.0002277927
101	0.0002395919
101.5	0.0002436201
102	0.0002453093
102.5	0.0002515143
103	0.0002203749
103.5	0.0001921837
104	0.0001877728
104.5	0.0001969391
105	0.0002026089
105.5	0.0002164676
106	0.000225312
106.5	0.0002360111
107	0.0002398267
107.5	0.0002497268
108	0.0002185137
108.5	0.0001987941
109	0.0001992338
109.5	0.000229895
110	0.0001725949
110.5	0.0001754896
111	0.0002353711
111.5	0.0001623594
112	0.0001716776
112.5	0.0001710432
113	0.000229597
113.5	0.0001732677
114	0.0001772189
114.5	0.0001795016
115	0.0001732186
115.5	0.0001674317
116	0.0001682823
116.5	0.0002174536
117	0.0002013913
117.5	0.0002119002
118	0.0002254425
118.5	0.0001539997
119	0.000154417
119.5	0.0001618956
120	0.0001568306
120.5	0.0001645994
121	0.0001655139
121.5	0.0001832862
122	0.0001820386
122.5	0.0001513693
123	0.0001425129
123.5	0.0001442778
124	0.0002172194
124.5	0.0001438435
125	0.0002108755
125.5	0.0002136398
126	0.0002047133
126.5	0.0001348126
127	0.0001494042
127.5	0.0001527358
128	0.000138264
128.5	0.0001384979
129	0.0001403104
129.5	0.0001417736
130	0.0001471148
130.5	0.0001662784
131	0.0001879004
131.5	0.0001798669
132	0.0001649673
132.5	0.0001811244
133	0.0001936761
133.5	0.0002030618
134	0.0001808628
134.5	0.0001730398
135	0.0001732096
135.5	0.0001716837
136	0.0001786912
136.5	0.0001929914
137	0.0001953509
137.5	0.0001869093
138	0.0001874444
138.5	0.0001813069
139	0.0001809472
139.5	0.0001906189
140	0.0001872545
140.5	0.0001830419
141	0.0001818564
141.5	0.0001899074
142	0.0001786087
142.5	0.0001856723
143	0.0002018691
143.5	0.0001997477
144	0.0002038882
144.5	0.0002105126
145	0.000206913
145.5	0.0001943421
146	0.0001515496
146.5	0.0001534788
147	0.0002010759
147.5	0.0001826336
148	0.0001736107
148.5	0.0001744342
149	0.0001756909
149.5	0.0001754678
150	0.0001829888
150.5	0.0001873756
151	0.0001902735
151.5	0.0001847858
152	0.0001868317
152.5	0.000131631
153	0.0001402709
153.5	0.0001451193
154	0.0001601744
154.5	0.0001668386
155	0.0001477829
155.5	0.0001355913
156	0.0001416023
156.5	0.0001514532
157	0.0001506983
157.5	0.0001528604
158	0.0001443695
158.5	0.0002085411
159	0.0001552383
159.5	0.0001540141
160	0.0001366507
160.5	0.0001313385
161	0.0001242304
161.5	0.0001291379
162	0.0001361933
162.5	0.0001427468
163	0.0001567707
163.5	0.0001885726
164	0.0001924201
164.5	0.0001965164
165	0.0002004628
165.5	0.000154897
166	0.0001894915
166.5	0.0001710677
167	0.0001650424
167.5	0.0001806933
168	0.000196218
168.5	0.0001849622
169	0.0001883707
169.5	0.0001832132
170	0.0001526345
170.5	0.0001505803
171	0.0002032134
171.5	0.0001952704
172	0.0001855981
172.5	0.0001737845
173	0.0001994108
173.5	0.0002098843
174	0.0002131435
174.5	0.0001695095
175	0.0001740498
175.5	0.0001696609
176	0.0001625593
176.5	0.0001565436
177	0.0001567979
177.5	0.0001495914
178	0.0001474806
178.5	0.0001549923
179	0.0001497568
179.5	0.0001486596
180	0.0001515734
180.5	0.0001619017
181	0.0001585519
181.5	0.0001683926
182	0.0001815197
182.5	0.0002079965
183	0.0002070608
183.5	0.0001653112
184	0.0001553512
184.5	0.0002018433
185	0.0001965124
185.5	0.0001882971
186	0.0001922833
186.5	0.0001849996
187	0.000169362
187.5	0.0001822187
188	0.0001889474
188.5	0.0001909195
189	0.0001980564
189.5	0.0002306129
190	0.0001970276
190.5	0.0001736682
191	0.0002044515
191.5	0.0002328073
192	0.0002141071
192.5	0.0001714991
193	0.0001763072
193.5	0.0001627981
194	0.0001832128
194.5	0.0001866206
195	0.0002121319
195.5	0.0001823111
196	0.0001866722
196.5	0.0001993518
197	0.0002004718
197.5	0.0002205082
198	0.0002095355
198.5	0.0002140774
199	0.0002296857
199.5	0.0002034711
200	0.0002117814
