0.5	0
1	6.830419e-07
1.5	7.152432e-07
2	8.567237e-07
2.5	9.852044e-07
3	9.08208e-07
3.5	8.271272e-07
4	7.685361e-07
4.5	5.891338e-07
5	8.128725e-07
5.5	9.288692e-07
6	9.014077e-07
6.5	9.016368e-07
7	7.475366e-07
7.5	9.334654e-07
8	7.033613e-07
8.5	9.445899e-07
9	9.828611e-07
9.5	8.464098e-07
10	9.519782e-07
10.5	8.479581e-07
11	9.233741e-07
11.5	7.066877e-07
12	8.910137e-07
12.5	9.173285e-07
13	7.028568e-07
13.5	8.204494e-07
14	6.970865e-07
14.5	9.834509e-07
15	8.208372e-07
15.5	8.689747e-07
16	7.79651e-07
16.5	8.221923e-07
17	7.989656e-07
17.5	8.194125e-07
18	8.882593e-07
18.5	7.4585e-07
19	8.812609e-07
19.5	8.252866e-07
20	8.875164e-07
20.5	9.471453e-07
21	8.482183e-07
21.5	9.737649e-07
22	9.189739e-07
22.5	8.437979e-07
23	7.453424e-07
23.5	8.447157e-07
24	8.188568e-07
24.5	6.674033e-07
25	7.52164e-07
25.5	9.091179e-07
26	8.668969e-07
26.5	9.333239e-07
27	9.964881e-07
27.5	8.654543e-07
28	9.69343e-07
28.5	9.672984e-07
29	7.583362e-07
29.5	8.238513e-07
30	8.049578e-07
30.5	8.285687e-07
31	9.506318e-07
31.5	8.797194e-07
32	8.859076e-07
32.5	9.921388e-07
33	9.973408e-07
33.5	9.78851e-07
34	9.145727e-07
34.5	9.309551e-07
35	9.990374e-07
35.5	9.983802e-07
36	8.760718e-07
36.5	8.94044e-07
37	8.579852e-07
37.5	9.948008e-07
38	7.092192e-07
38.5	6.782805e-07
39	8.008629e-07
39.5	9.74329e-07
40	8.367327e-07
40.5	8.167579e-07
41	8.305673e-07
41.5	8.299059e-07
42	8.836256e-07
42.5	9.21144e-07
43	9.963145e-07
43.5	8.1078e-07
44	8.569489e-07
44.5	9.683836e-07
45	9.208696e-07
45.5	7.080611e-07
46	9.809687e-07
46.5	8.597655e-07
47	8.715287e-07
47.5	8.481509e-07
48	8.739663e-07
48.5	6.386451e-07
49	7.102651e-07
49.5	5.708778e-07
50	6.225573e-07
50.5	7.546527e-07
51	8.899742e-07
51.5	8.378581e-07
52	7.690921e-07
52.5	9.215036e-07
53	8.665285e-07
53.5	7.704254e-07
54	6.483577e-07
54.5	8.025383e-07
55	7.58972e-07
55.5	8.096984e-07
56	9.622396e-07
56.5	9.865323e-07
57	8.912809e-07
57.5	7.934319e-07
58	8.018927e-07
58.5	9.713421e-07
59	8.649152e-07
59.5	8.469375e-07
60	7.021331e-07
60.5	7.367655e-07
61	9.820396e-07
61.5	9.853326e-07
62	9.936444e-07
62.5	7.637415e-07
63	7.802915e-07
63.5	7.657276e-07
64	7.321049e-07
64.5	7.757477e-07
65	8.766256e-07
65.5	9.156428e-07
66	8.991168e-07
66.5	9.856878e-07
67	7.232305e-07
67.5	8.705478e-07
68	7.430168e-07
68.5	8.321281e-07
69	7.662008e-07
69.5	8.395295e-07
70	8.530126e-07
70.5	9.556235e-07
71	8.124659e-07
71.5	9.988332e-07
72	7.652909e-07
72.5	9.077445e-07
73	8.228542e-07
73.5	8.776353e-07
74	8.417855e-07
74.5	7.371489e-07
75	6.889267e-07
75.5	7.406939e-07
76	8.554113e-07
76.5	8.171304e-07
77	7.850275e-07
77.5	9.659394e-07
78	9.360632e-07
78.5	9.71268e-07
79	9.371244e-07
79.5	8.891323e-07
80	8.532308e-07
80.5	9.238643e-07
81	9.365959e-07
81.5	9.63567e-07
82	9.059254e-07
82.5	8.649119e-07
83	9.58335e-07
83.5	9.982799e-07
84	6.087877e-07
84.5	9.802301e-07
85	8.715655e-07
85.5	7.06295e-07
86	9.057431e-07
86.5	8.144079e-07
87	8.637806e-07
87.5	8.602333e-07
88	8.9857e-07
88.5	9.699889e-07
89	8.926007e-07
89.5	8.655936e-07
90	9.656414e-07
90.5	8.6466e-07
91	8.474884e-07
91.5	9.621545e-07
92	8.218542e-07
92.5	8.172562e-07
93	9.154532e-07
93.5	7.567267e-07
94	9.402914e-07
94.5	7.433754e-07
95	9.973961e-07
95.5	8.893601e-07
96	8.084803e-07
96.5	7.876302e-07
97	9.136415e-07
97.5	9.798143e-07
98	9.360607e-07
98.5	9.064393e-07
99	9.989495e-07
99.5	6.760492e-07
100	9.057516e-07
100.5	8.393917e-07
101	9.738815e-07
101.5	8.800659e-07
102	7.987165e-07
102.5	9.307427e-07
103	9.957505e-07
103.5	9.63611e-07
104	5.887381e-07
104.5	8.265606e-07
105	9.494636e-07
105.5	9.784743e-07
106	9.359485e-07
106.5	7.361713e-07
107	9.675181e-07
107.5	9.286852e-07
108	8.957233e-07
108.5	9.562542e-07
109	6.909486e-07
109.5	8.50552e-07
110	8.723701e-07
110.5	9.487865e-07
111	7.564381e-07
111.5	8.40815e-07
112	7.91739e-07
112.5	9.055544e-07
113	9.469478e-07
113.5	9.571607e-07
114	9.392895e-07
114.5	9.591424e-07
115	7.693613e-07
115.5	8.378206e-07
116	8.329258e-07
116.5	9.137136e-07
117	8.733725e-07
117.5	9.470178e-07
118	5.13217e-07
118.5	9.388918e-07
119	7.776492e-07
119.5	7.773645e-07
120	7.745561e-07
120.5	7.849081e-07
121	8.077551e-07
121.5	8.457172e-07
122	9.318664e-07
122.5	9.316285e-07
123	7.596914e-07
123.5	8.230312e-07
124	9.790591e-07
124.5	5.760558e-07
125	9.146783e-07
125.5	7.911566e-07
126	9.461816e-07
126.5	8.661408e-07
127	8.878124e-07
127.5	9.926027e-07
128	9.849736e-07
128.5	8.615243e-07
129	7.575276e-07
129.5	7.887075e-07
130	7.942111e-07
130.5	9.296757e-07
131	9.216611e-07
131.5	9.111807e-07
132	9.98004e-07
132.5	8.61132e-07
133	9.441204e-07
133.5	6.082324e-07
134	8.646333e-07
134.5	9.891594e-07
135	7.940144e-07
135.5	7.615901e-07
136	9.706539e-07
136.5	8.144682e-07
137	9.69526e-07
137.5	9.951158e-07
138	9.758621e-07
138.5	9.265822e-07
139	7.292575e-07
139.5	7.894179e-07
140	8.597208e-07
140.5	6.761185e-07
141	8.942873e-07
141.5	9.715474e-07
142	9.917793e-07
142.5	8.724771e-07
143	8.282505e-07
143.5	7.432928e-07
144	9.714653e-07
144.5	9.886204e-07
145	9.907681e-07
145.5	9.906513e-07
146	9.682362e-07
146.5	7.490654e-07
147	8.403092e-07
147.5	7.266497e-07
148	6.777579e-07
148.5	8.821985e-07
149	8.055556e-07
149.5	9.826435e-07
150	7.001449e-07
150.5	8.041088e-07
151	8.729473e-07
151.5	8.52096e-07
152	8.366926e-07
152.5	7.915322e-07
153	9.171824e-07
153.5	7.752823e-07
154	9.319343e-07
154.5	8.917901e-07
155	7.438614e-07
155.5	7.37108e-07
156	7.685697e-07
156.5	8.660224e-07
157	9.431478e-07
157.5	8.167431e-07
158	8.599759e-07
158.5	9.712294e-07
159	7.521265e-07
159.5	7.152566e-07
160	6.602795e-07
160.5	6.26536e-07
161	6.442475e-07
161.5	8.694222e-07
162	7.622325e-07
162.5	9.961275e-07
163	8.820735e-07
163.5	7.405805e-07
164	7.026973e-07
164.5	7.630946e-07
165	9.611266e-07
165.5	6.823802e-07
166	9.023992e-07
166.5	6.613465e-07
167	9.108364e-07
167.5	7.036754e-07
168	9.167208e-07
168.5	9.625827e-07
169	8.98236e-07
169.5	8.337053e-07
170	9.899235e-07
170.5	7.392622e-07
171	9.02889e-07
171.5	8.278422e-07
172	9.946015e-07
172.5	8.3429e-07
173	8.447849e-07
173.5	9.755581e-07
174	8.170638e-07
174.5	9.873185e-07
175	9.53473e-07
175.5	9.828916e-07
176	8.499496e-07
176.5	7.684465e-07
177	8.082254e-07
177.5	8.751925e-07
178	9.113785e-07
178.5	9.674481e-07
179	9.45957e-07
179.5	8.556844e-07
180	9.891077e-07
180.5	8.912585e-07
181	8.173607e-07
181.5	7.192859e-07
182	8.048852e-07
182.5	9.121049e-07
183	9.756565e-07
183.5	8.488134e-07
184	8.686403e-07
184.5	9.979244e-07
185	7.083437e-07
185.5	9.005133e-07
186	8.745103e-07
186.5	9.733742e-07
187	9.482377e-07
187.5	7.619991e-07
188	8.456719e-07
188.5	8.17102e-07
189	7.766887e-07
189.5	7.960118e-07
190	7.481217e-07
190.5	7.694181e-07
191	7.62633e-07
191.5	9.362526e-07
192	9.169678e-07
192.5	8.883461e-07
193	9.16683e-07
193.5	7.808215e-07
194	7.634727e-07
194.5	7.284684e-07
195	7.119923e-07
195.5	6.669809e-07
196	7.011905e-07
196.5	7.710501e-07
197	9.671488e-07
197.5	9.335018e-07
198	8.455539e-07
198.5	8.584909e-07
199	9.31839e-07
199.5	9.123515e-07
200	7.697933e-07
