	0
0.5	0
1	1.654361e-22
1.5	9.926167e-22
2	1.323489e-21
2.5	-3.970467e-21
3	2.646978e-21
3.5	7.940934e-21
4	2.646978e-21
4.5	-1.058791e-20
5	3.176374e-20
5.5	-1.323489e-20
6	2.646978e-20
6.5	1.852885e-20
7	2.646978e-21
7.5	-7.411538e-20
8	-1.16467e-19
8.5	2.646978e-20
9	1.799945e-19
9.5	2.646978e-20
10	2.43522e-19
10.5	-9.529121e-20
11	-3.758709e-19
11.5	5.082198e-19
12	4.552802e-19
12.5	-9.105604e-19
13	-4.658681e-19
13.5	8.046813e-19
14	2.710505e-18
14.5	9.317362e-19
15	1.524659e-18
15.5	-2.032879e-18
16	-5.082198e-19
16.5	-4.065758e-18
17	-1.101143e-17
17.5	5.251604e-18
18	3.896352e-18
18.5	-3.557538e-18
19	-1.01644e-17
19.5	-6.43745e-18
20	1.03338e-17
20.5	5.082198e-19
21	5.421011e-18
21.5	1.694066e-19
22	-5.759824e-18
22.5	5.082198e-19
23	-1.219727e-17
23.5	-2.710505e-18
24	2.710505e-18
24.5	2.371692e-18
25	-3.388132e-18
25.5	2.710505e-18
26	-1.185846e-17
26.5	-5.929231e-18
27	-8.131516e-18
27.5	-1.423015e-17
28	1.01644e-17
28.5	6.776264e-19
29	-5.759824e-18
29.5	1.321371e-17
30	2.795209e-18
30.5	-9.402066e-18
31	8.300923e-18
31.5	-1.423015e-17
32	3.388132e-18
32.5	-2.371692e-18
33	4.065758e-18
33.5	-9.740879e-19
34	-2.879912e-18
34.5	-3.388132e-19
35	3.388132e-19
35.5	5.421011e-18
36	5.442187e-18
36.5	-6.776264e-19
37	-6.43745e-18
37.5	1.017498e-17
38	5.082198e-19
38.5	3.639595e-18
39	-5.929231e-18
39.5	7.45389e-18
40	-1.01644e-17
40.5	-1.01644e-18
41	7.284483e-18
41.5	-1.694066e-18
42	8.470329e-20
42.5	-2.117582e-18
43	-1.28749e-17
43.5	3.811648e-18
44	-1.304431e-17
44.5	8.131516e-18
45	-8.300923e-18
45.5	-9.656176e-18
46	-4.828088e-18
46.5	5.421011e-18
47	-1.609363e-18
47.5	-1.423015e-17
48	4.319868e-18
48.5	-4.235165e-18
49	-4.150461e-18
49.5	-6.268044e-18
50	4.912791e-18
50.5	4.065758e-18
51	8.470329e-19
51.5	-1.03338e-17
52	1.694066e-17
52.5	-1.473837e-17
53	-1.948176e-18
53.5	7.96211e-18
54	-1.109613e-17
54.5	-1.270549e-18
55	-1.414545e-17
55.5	-2.286989e-18
56	5.082198e-19
56.5	-9.147956e-18
57	1.355253e-18
57.5	8.131516e-18
58	-5.505714e-18
58.5	1.727947e-17
59	-8.21622e-18
59.5	-3.388132e-19
60	-2.168404e-17
60.5	4.743385e-18
61	1.812651e-17
61.5	-8.470329e-18
62	3.388132e-18
62.5	-6.776264e-18
63	3.388132e-18
63.5	1.321371e-17
64	9.994989e-18
64.5	3.049319e-18
65	-1.01644e-18
65.5	-4.065758e-18
66	1.050321e-17
66.5	-2.422514e-17
67	-1.355253e-17
67.5	-4.404571e-18
68	7.45389e-18
68.5	-3.388132e-19
69	-2.456396e-18
69.5	-1.727947e-17
70	6.776264e-18
70.5	5.082198e-18
71	2.032879e-18
71.5	1.456897e-17
72	4.065758e-18
72.5	-1.01644e-18
73	2.032879e-18
73.5	7.284483e-18
74	5.082198e-19
74.5	-6.776264e-19
75	3.049319e-18
75.5	1.677125e-17
76	6.268044e-18
76.5	4.235165e-19
77	-1.236668e-17
77.5	1.380664e-17
78	1.346782e-17
78.5	1.228198e-17
79	-4.235165e-18
79.5	9.486769e-18
80	-1.050321e-17
80.5	1.948176e-17
81	5.421011e-18
81.5	-2.879912e-18
82	-4.912791e-18
82.5	4.743385e-18
83	-2.083701e-17
83.5	1.118083e-17
84	1.389134e-17
84.5	-3.015437e-17
85	4.743385e-18
85.5	1.897354e-17
86	1.118083e-17
86.5	1.694066e-19
87	1.897354e-17
87.5	-3.726945e-18
88	-1.118083e-17
88.5	-4.573978e-18
89	-9.486769e-18
89.5	-2.202286e-18
90	4.743385e-18
90.5	-3.134022e-17
91	-1.050321e-17
91.5	1.558541e-17
92	-5.082198e-19
92.5	-1.135024e-17
93	2.04982e-17
93.5	-1.03338e-17
94	1.626303e-17
94.5	2.202286e-17
95	-4.743385e-18
95.5	2.473336e-17
96	2.032879e-17
96.5	-2.032879e-18
97	-1.321371e-17
97.5	4.065758e-18
98	1.084202e-17
98.5	2.371692e-18
99	-6.098637e-18
99.5	-3.049319e-18
100	-5.082198e-18
100.5	-2.30393e-17
101	4.235165e-18
101.5	2.202286e-18
102	-1.151965e-17
102.5	4.743385e-18
103	-7.284483e-18
103.5	-1.694066e-17
104	6.43745e-18
104.5	-1.863472e-17
105	-1.423015e-17
105.5	-1.660185e-17
106	-8.809143e-18
106.5	-2.202286e-17
107	2.30393e-17
107.5	1.423015e-17
108	-2.270048e-17
108.5	-5.421011e-18
109	3.286488e-17
109.5	1.998998e-17
110	-6.776264e-19
110.5	-1.778769e-17
111	-4.743385e-18
111.5	1.01644e-18
112	9.147956e-18
112.5	3.320369e-17
113	-1.050321e-17
113.5	-3.388132e-19
114	-2.710505e-18
114.5	-4.658681e-17
115	-1.524659e-17
115.5	2.015938e-17
116	-7.45389e-18
116.5	2.134523e-17
117	1.304431e-17
117.5	-2.253108e-17
118	-3.371191e-17
118.5	1.151965e-17
119	2.744387e-17
119.5	-6.43745e-18
120	2.06676e-17
120.5	-3.320369e-17
121	1.626303e-17
121.5	1.592422e-17
122	1.389134e-17
122.5	-1.135024e-17
123	-3.557538e-18
123.5	-3.422013e-17
124	3.997996e-17
124.5	-1.694066e-17
125	-1.270549e-17
125.5	-1.01644e-17
126	-1.812651e-17
126.5	-1.694066e-18
127	-1.456897e-17
127.5	1.592422e-17
128	-2.507218e-17
128.5	-3.201785e-17
129	5.421011e-18
129.5	-1.473837e-17
130	-6.94567e-18
130.5	1.01644e-18
131	2.846031e-17
131.5	1.829591e-17
132	2.405574e-17
132.5	-1.355253e-17
133	-1.694066e-17
133.5	-2.30393e-17
134	-1.79571e-17
134.5	-9.486769e-18
135	-8.470329e-18
135.5	-1.050321e-17
136	-3.489776e-17
136.5	-2.981556e-17
137	-2.812149e-17
137.5	1.490778e-17
138	4.607859e-17
138.5	-3.286488e-17
139	-2.371692e-18
139.5	3.964114e-17
140	8.131516e-18
140.5	3.388132e-19
141	2.473336e-17
141.5	1.321371e-17
142	3.0832e-17
142.5	-1.084202e-17
143	6.776264e-19
143.5	4.540097e-17
144	-2.913793e-17
144.5	-6.776264e-19
145	-9.486769e-18
145.5	-5.963112e-17
146	2.913793e-17
146.5	-2.541099e-17
147	8.131516e-18
147.5	1.490778e-17
148	-2.100642e-17
148.5	-1.355253e-17
149	-1.524659e-17
149.5	2.371692e-17
150	-3.557538e-17
150.5	2.439455e-17
151	3.150963e-17
151.5	5.759824e-18
152	2.168404e-17
152.5	-6.098637e-18
153	-3.455894e-17
153.5	5.421011e-18
154	2.371692e-18
154.5	4.065758e-18
155	-9.825582e-18
155.5	1.761829e-17
156	-5.759824e-18
156.5	4.133521e-17
157	-3.049319e-18
157.5	3.049319e-18
158	-2.642743e-17
158.5	5.827587e-17
159	3.726945e-18
159.5	2.507218e-17
160	-1.694066e-17
160.5	4.607859e-17
161	-2.032879e-18
161.5	-3.523657e-17
162	-2.100642e-17
162.5	9.825582e-18
163	1.490778e-17
163.5	-2.270048e-17
164	2.439455e-17
164.5	1.01644e-17
165	1.084202e-17
165.5	1.321371e-17
166	-2.371692e-18
166.5	1.694066e-18
167	-2.270048e-17
167.5	-2.710505e-17
168	-4.065758e-18
168.5	-3.422013e-17
169	1.761829e-17
169.5	6.098637e-18
170	5.38713e-17
170.5	-3.049319e-17
171	-3.150963e-17
171.5	-1.151965e-17
172	-1.084202e-17
172.5	3.388132e-18
173	1.965116e-17
173.5	-1.084202e-17
174	-1.423015e-17
174.5	7.792703e-18
175	4.404571e-18
175.5	3.388132e-17
176	3.726945e-18
176.5	-2.507218e-17
177	-8.470329e-18
177.5	-1.355253e-17
178	-1.185846e-17
178.5	-1.321371e-17
179	-1.355253e-17
179.5	-5.421011e-18
180	-2.57498e-17
180.5	-2.032879e-17
181	8.809143e-18
181.5	-2.879912e-17
182	-2.57498e-17
182.5	-2.032879e-17
183	-6.776264e-19
183.5	-2.913793e-17
184	1.151965e-17
184.5	-1.761829e-17
185	1.660185e-17
185.5	-1.931235e-17
186	-2.032879e-18
186.5	-1.28749e-17
187	7.45389e-18
187.5	4.404571e-18
188	-9.486769e-18
188.5	1.355253e-18
189	3.59142e-17
189.5	-1.694066e-17
190	3.286488e-17
190.5	-1.219727e-17
191	-5.251604e-18
191.5	-4.285987e-17
192	-5.166901e-17
192.5	9.825582e-18
193	4.963613e-17
193.5	-6.081697e-17
194	-2.168404e-17
194.5	-1.711007e-17
195	9.486769e-18
195.5	5.759824e-18
196	4.235165e-18
196.5	-2.744387e-17
197	-3.489776e-17
197.5	1.524659e-17
198	3.286488e-17
198.5	4.235165e-18
199	1.067262e-17
199.5	-1.694066e-18
200	2.032879e-18
