0.5	0
1	2.80928e-06
1.5	8.624967e-06
2	1.790784e-05
2.5	3.238438e-05
3	5.513837e-05
3.5	9.047957e-05
4	0.0001440896
4.5	0.0002218886
5	0.00032709
5.5	0.0004686929
6	0.0006596161
6.5	0.0009006814
7	0.001190342
7.5	0.001548845
8	0.002110255
8.5	0.002871105
9	0.004185132
9.5	0.006160296
10	0.00872962
10.5	0.01255763
11	0.01816059
11.5	0.02550438
12	0.03631318
12.5	0.0484641
13	0.06401221
13.5	0.08011861
14	0.1010973
14.5	0.1231666
15	0.14493
15.5	0.1686424
16	0.1940395
16.5	0.2183839
17	0.2394055
17.5	0.2599135
18	0.2835829
18.5	0.3068795
19	0.3288665
19.5	0.3507548
20	0.3727994
20.5	0.392301
21	0.4087919
21.5	0.4242758
22	0.4371417
22.5	0.4468819
23	0.4563831
23.5	0.4658591
24	0.4775985
24.5	0.4885835
25	0.4993144
25.5	0.5106527
26	0.5213813
26.5	0.5292575
27	0.5334525
27.5	0.5375632
28	0.5394416
28.5	0.5398044
29	0.5414656
29.5	0.5417092
30	0.5394486
30.5	0.5350845
31	0.5318448
31.5	0.5299355
32	0.5281883
32.5	0.5274375
33	0.5242983
33.5	0.521256
34	0.5179201
34.5	0.5140305
35	0.5088375
35.5	0.5026069
36	0.4948003
36.5	0.4885297
37	0.4845656
37.5	0.4830395
38	0.4821669
38.5	0.4795726
39	0.4746592
39.5	0.4700948
40	0.466377
40.5	0.4616322
41	0.4587403
41.5	0.4551401
42	0.4522694
42.5	0.4503225
43	0.4495924
43.5	0.4488242
44	0.4476777
44.5	0.4456431
45	0.4436049
45.5	0.4408134
46	0.4370931
46.5	0.4333639
47	0.43099
47.5	0.4293979
48	0.4270883
48.5	0.424246
49	0.4217485
49.5	0.4186129
50	0.4154038
50.5	0.4132109
51	0.4114363
51.5	0.4083052
52	0.4053847
52.5	0.4027875
53	0.399814
53.5	0.3970058
54	0.3943265
54.5	0.3906158
55	0.3858525
55.5	0.38138
56	0.3777568
56.5	0.3734718
57	0.3685276
57.5	0.3640311
58	0.359372
58.5	0.3542591
59	0.3486713
59.5	0.3437721
60	0.3394246
60.5	0.3355259
61	0.3334984
61.5	0.3314736
62	0.3286664
62.5	0.3252083
63	0.3219048
63.5	0.3192321
64	0.3180346
64.5	0.3178168
65	0.3183345
65.5	0.3190488
66	0.3194981
66.5	0.3193761
67	0.3195402
67.5	0.3203441
68	0.3209202
68.5	0.3211581
69	0.3212569
69.5	0.3216289
70	0.3228721
70.5	0.3241001
71	0.3246598
71.5	0.3249833
72	0.324525
72.5	0.3244672
73	0.324332
73.5	0.3248954
74	0.3256175
74.5	0.3261365
75	0.3265224
75.5	0.3272365
76	0.3290144
76.5	0.3314563
77	0.334213
77.5	0.3374894
78	0.3417069
78.5	0.3430407
79	0.3471104
79.5	0.3500897
80	0.3514483
80.5	0.3521234
81	0.3532
81.5	0.355066
82	0.3571811
82.5	0.3591479
83	0.360566
83.5	0.3618916
84	0.3632284
84.5	0.3666834
85	0.3678739
85.5	0.3711913
86	0.3733186
86.5	0.3763495
87	0.3792636
87.5	0.3826545
88	0.3861805
88.5	0.3893413
89	0.3917806
89.5	0.3920195
90	0.3907189
90.5	0.3902061
91	0.3901802
91.5	0.3896177
92	0.3884695
92.5	0.3877767
93	0.3879699
93.5	0.3888971
94	0.3896728
94.5	0.3902943
95	0.3912145
95.5	0.3923606
96	0.3933222
96.5	0.3936354
97	0.3936249
97.5	0.3937585
98	0.3940469
98.5	0.39462
99	0.3952526
99.5	0.3956431
100	0.3960887
100.5	0.3964365
101	0.396444
101.5	0.3964731
102	0.3972458
102.5	0.398612
103	0.3998866
103.5	0.4009781
104	0.4020563
104.5	0.4031511
105	0.4040457
105.5	0.4050551
106	0.4062804
106.5	0.407466
107	0.4089994
107.5	0.4103229
108	0.4116262
108.5	0.4144908
109	0.4160853
109.5	0.4184871
110	0.4195883
110.5	0.4213231
111	0.4231399
111.5	0.4252119
112	0.4271977
112.5	0.4294111
113	0.4317129
113.5	0.4338412
114	0.4355505
114.5	0.4373551
115	0.4392575
115.5	0.4412904
116	0.4430836
116.5	0.4448868
117	0.4459996
117.5	0.4467682
118	0.4473627
118.5	0.4481497
119	0.4485458
119.5	0.4487074
120	0.4487367
120.5	0.4484873
121	0.4480171
121.5	0.447498
122	0.4473872
122.5	0.447347
123	0.446617
123.5	0.4457293
124	0.4454137
124.5	0.4456544
125	0.4460558
125.5	0.445877
126	0.4456263
126.5	0.4453272
127	0.4450344
127.5	0.4443613
128	0.4432817
128.5	0.441984
129	0.4405711
129.5	0.4389646
130	0.4376532
130.5	0.436926
131	0.4366807
131.5	0.4344161
132	0.4341899
132.5	0.4344972
133	0.435178
133.5	0.436173
134	0.43719
134.5	0.4380416
135	0.4388991
135.5	0.4397005
136	0.4401357
136.5	0.4400117
137	0.4396489
137.5	0.4389801
138	0.438133
138.5	0.4374027
139	0.436884
139.5	0.4367197
140	0.4364018
140.5	0.4361066
141	0.4360668
141.5	0.436424
142	0.4365216
142.5	0.4359822
143	0.4352076
143.5	0.4344283
144	0.4336209
144.5	0.4324022
145	0.4310109
145.5	0.4298526
146	0.4290473
146.5	0.4281354
147	0.4271606
147.5	0.4262512
148	0.425419
148.5	0.4247165
149	0.423777
149.5	0.422821
150	0.4217487
150.5	0.420472
151	0.4189963
151.5	0.4177695
152	0.4165399
152.5	0.4149966
153	0.413634
153.5	0.4125943
154	0.411768
154.5	0.4115254
155	0.4114997
155.5	0.4110948
156	0.4106036
156.5	0.4094835
157	0.4082166
157.5	0.4067609
158	0.405492
158.5	0.4044988
159	0.4035339
159.5	0.4023774
160	0.4013283
160.5	0.4003275
161	0.3994816
161.5	0.3984509
162	0.3972531
162.5	0.3959549
163	0.3951154
163.5	0.3942896
164	0.3938586
164.5	0.393401
165	0.3933082
165.5	0.393861
166	0.3947963
166.5	0.3959866
167	0.3976454
167.5	0.3989799
168	0.400201
168.5	0.4015837
169	0.4030656
169.5	0.4036545
170	0.4031582
170.5	0.4022236
171	0.4015097
171.5	0.4013977
172	0.4024247
172.5	0.404214
173	0.4065449
173.5	0.4085227
174	0.4107793
174.5	0.4126224
175	0.4139937
175.5	0.4153648
176	0.4162287
176.5	0.4166316
177	0.4170259
177.5	0.4175264
178	0.4180068
178.5	0.4185691
179	0.4188155
179.5	0.4193695
180	0.4199068
180.5	0.420597
181	0.4208745
181.5	0.4216785
182	0.4220816
182.5	0.4222479
183	0.42229
183.5	0.4222158
184	0.4222598
184.5	0.4226813
185	0.4233841
185.5	0.4243693
186	0.4257693
186.5	0.4274556
187	0.4289996
187.5	0.4300227
188	0.4312699
188.5	0.4328895
189	0.4351968
189.5	0.4374496
190	0.4394941
190.5	0.441495
191	0.443362
191.5	0.4451011
192	0.4469622
192.5	0.447911
193	0.4484993
193.5	0.448677
194	0.4487897
194.5	0.4488125
195	0.4484228
195.5	0.4475583
196	0.4462331
196.5	0.4448079
197	0.4440703
197.5	0.4434959
198	0.4436777
198.5	0.4440473
199	0.4446225
199.5	0.4455274
200	0.4474562
