	0
0.5	0
1	1.654361e-22
1.5	8.271806e-22
2	2.15067e-21
2.5	6.121137e-21
3	-5.790264e-21
3.5	-1.637818e-20
4	-5.790264e-21
4.5	-1.637818e-20
5	6.303116e-20
5.5	2.332649e-20
6	1.133237e-19
6.5	2.05968e-19
7	2.933182e-19
7.5	1.503814e-19
8	1.159707e-19
8.5	2.906713e-19
9	2.430257e-19
9.5	2.165559e-19
10	2.483196e-19
10.5	1.106768e-19
11	-3.92249e-19
11.5	-2.122545e-19
12	7.935971e-19
12.5	-2.340425e-18
13	1.810037e-18
13.5	-1.19693e-18
14	3.207641e-18
14.5	7.019289e-18
15	3.969971e-18
15.5	8.035729e-18
16	2.106498e-18
16.5	-1.281634e-18
17	-2.177983e-17
17.5	-1.415653e-17
18	-6.872051e-18
18.5	-1.483416e-17
19	-1.07684e-17
19.5	8.205135e-18
20	3.107502e-17
20.5	2.548461e-17
21	3.666544e-17
21.5	3.920654e-17
22	4.123942e-17
22.5	1.904716e-17
23	-1.551179e-17
23.5	-4.329447e-17
24	-4.803785e-17
24.5	-4.837667e-17
25	-3.685702e-17
25.5	-3.075838e-17
26	-3.990634e-17
26.5	-2.279627e-17
27	-2.482915e-17
27.5	-3.194423e-17
28	-3.600998e-17
28.5	-2.11022e-17
29	-2.821728e-17
29.5	-2.652322e-17
30	-3.863579e-17
30.5	-4.278625e-17
31	-2.11022e-17
31.5	-4.888489e-17
32	-5.938809e-17
32.5	-8.818721e-17
33	-8.00557e-17
33.5	-8.950012e-17
34	-1.018668e-16
34.5	-1.008504e-16
35	-1.066102e-16
35.5	-9.441291e-17
36	-5.915516e-17
36.5	-6.52538e-17
37	-6.457617e-17
37.5	-4.660848e-17
38	-2.579265e-17
38.5	5.474281e-19
39	-1.893433e-17
39.5	-7.414682e-18
40	-3.418092e-17
40.5	-2.401653e-17
41	-2.757407e-17
41.5	-3.36727e-17
42	-5.929545e-17
42.5	-6.530938e-17
43	-9.936011e-17
43.5	-9.487083e-17
44	-9.520965e-17
44.5	-8.064068e-17
45	-5.641554e-17
45.5	-6.200596e-17
46	-8.37747e-17
46.5	-8.343589e-17
47	-1.085928e-16
47.5	-1.155384e-16
48	-1.278204e-16
48.5	-1.513679e-16
49	-1.301074e-16
49.5	-1.316321e-16
50	-1.187572e-16
50.5	-1.206206e-16
51	-9.944481e-17
51.5	-8.555347e-17
52	-3.608675e-17
52.5	-4.675936e-17
53	-3.142807e-17
53.5	8.156001e-20
54	-1.69438e-17
54.5	-2.431299e-17
55	-5.167215e-17
55.5	-1.012236e-16
56	-9.64802e-17
56.5	-1.093551e-16
57	-7.394912e-17
57.5	-6.378472e-17
58	-7.674433e-17
58.5	-9.385439e-17
59	-4.904635e-17
59.5	-3.854314e-17
60	-6.632582e-17
60.5	-6.971395e-17
61	-3.73573e-17
61.5	-8.219363e-18
62	-1.443099e-18
62.5	-1.838376e-17
63	-3.193629e-17
63.5	-3.363035e-17
64	-1.821435e-17
64.5	-1.821435e-17
65	-3.007281e-17
65.5	-3.955958e-17
66	-2.905637e-17
66.5	-7.08998e-17
67	-7.123861e-17
67.5	-9.055097e-17
68	-7.903132e-17
68.5	-9.224503e-17
69	-8.724754e-17
69.5	-9.707312e-17
70	-1.397636e-16
70.5	-7.979365e-17
71	-9.605668e-17
71.5	-5.590732e-17
72	-4.77758e-17
72.5	-8.13466e-18
73	-1.355567e-17
73.5	4.184028e-17
74	5.352934e-17
74.5	1.185532e-17
75	1.625989e-17
75.5	1.202472e-17
76	4.844714e-17
76.5	4.514371e-17
77	6.54725e-17
77.5	1.162098e-16
78	1.193438e-16
78.5	1.533098e-16
79	1.560203e-16
79.5	1.499217e-16
80	1.162098e-16
80.5	1.05876e-16
81	1.153627e-16
81.5	1.050289e-16
82	5.607044e-17
82.5	7.368872e-17
83	1.490464e-17
83.5	3.046175e-18
84	8.128373e-18
84.5	5.756681e-18
85	1.690923e-18
85.5	-3.964429e-17
86	-3.730088e-18
86.5	8.438897e-19
87	1.575167e-17
87.5	-3.269862e-17
88	-4.387945e-17
88.5	-3.143286e-21
89	-7.795846e-18
89.5	-3.303743e-17
90	-7.945483e-17
90.5	-1.094398e-16
91	-1.450152e-16
91.5	-1.426435e-16
92	-1.790659e-16
92.5	-1.59923e-16
93	-1.577207e-16
93.5	-1.788965e-16
94	-1.192654e-16
94.5	-6.742697e-17
95	-9.859778e-17
95.5	-6.302239e-17
96	-9.080508e-17
96.5	-1.009695e-16
97	-5.726257e-17
97.5	-1.019583e-18
98	4.641426e-17
98.5	-1.69438e-17
99	-2.304244e-17
99.5	-4.50653e-17
100	6.744831e-19
100.5	-5.014749e-17
101	-8.656991e-17
101.5	-1.016471e-16
102	-1.233311e-16
102.5	-1.727979e-16
103	-1.133362e-16
103.5	-1.387471e-16
104	-1.373919e-16
104.5	-1.946513e-16
105	-2.393747e-16
105.5	-2.319208e-16
106	-2.634304e-16
106.5	-2.590258e-16
107	-2.37003e-16
107.5	-2.939236e-16
108	-3.315318e-16
108.5	-2.403911e-16
109	-1.865198e-16
109.5	-2.159965e-16
110	-2.420852e-16
110.5	-2.974811e-16
111	-3.296684e-16
111.5	-3.57451e-16
112	-3.679543e-16
112.5	-3.310236e-16
113	-3.293296e-16
113.5	-3.032409e-16
114	-2.95787e-16
114.5	-3.938735e-16
115	-3.599921e-16
115.5	-2.984976e-16
116	-2.768135e-16
116.5	-2.43271e-16
117	-2.610587e-16
117.5	-3.154382e-16
118	-4.172516e-16
118.5	-4.673959e-16
119	-4.531658e-16
119.5	-4.270772e-16
120	-3.806597e-16
120.5	-4.823037e-16
121	-5.192343e-16
121.5	-4.721393e-16
122	-5.260106e-16
122.5	-5.326175e-16
123	-5.287211e-16
123.5	-5.754773e-16
124	-6.046153e-16
124.5	-6.388354e-16
125	-6.684815e-16
125.5	-7.142213e-16
126	-7.445451e-16
126.5	-7.940118e-16
127	-7.672456e-16
127.5	-7.492885e-16
128	-7.215058e-16
128.5	-7.186259e-16
129	-6.888103e-16
129.5	-7.980776e-16
130	-7.331949e-16
130.5	-6.410377e-16
131	-5.529463e-16
131.5	-4.072566e-16
132	-3.30346e-16
132.5	-2.598729e-16
133	-2.605505e-16
133.5	-3.554182e-16
134	-3.991251e-16
134.5	-3.998027e-16
135	-4.157269e-16
135.5	-5.51591e-16
136	-5.559956e-16
136.5	-5.485417e-16
137	-6.091892e-16
137.5	-5.949591e-16
138	-5.773408e-16
138.5	-6.725473e-16
139	-6.308733e-16
139.5	-6.393436e-16
140	-6.454422e-16
140.5	-6.234194e-16
141	-5.803901e-16
141.5	-5.868276e-16
142	-6.027518e-16
142.5	-6.318897e-16
143	-6.108833e-16
143.5	-5.559956e-16
144	-6.813564e-16
144.5	-7.179483e-16
145	-7.294679e-16
145.5	-8.426315e-16
146	-8.277237e-16
146.5	-8.965028e-16
147	-8.775293e-16
147.5	-7.792735e-16
148	-7.989246e-16
148.5	-8.097666e-16
149	-8.45342e-16
149.5	-8.927759e-16
150	-1.015087e-15
150.5	-1.055067e-15
151	-1.00865e-15
151.5	-1.052357e-15
152	-9.608773e-16
152.5	-9.710417e-16
153	-1.088271e-15
153.5	-1.093692e-15
154	-1.107583e-15
154.5	-1.15434e-15
155	-1.146547e-15
155.5	-1.135705e-15
156	-1.169925e-15
156.5	-1.024235e-15
157	-1.027962e-15
157.5	-1.065571e-15
158	-1.073702e-15
158.5	-1.079123e-15
159	-1.023219e-15
159.5	-1.027285e-15
160	-1.03135e-15
160.5	-1.042192e-15
161	-1.036094e-15
161.5	-1.14858e-15
162	-1.139771e-15
162.5	-1.143498e-15
163	-1.125879e-15
163.5	-1.178395e-15
164	-1.184494e-15
164.5	-1.175007e-15
165	-1.139093e-15
165.5	-1.065571e-15
166	-1.064554e-15
166.5	-1.067603e-15
167	-1.099113e-15
167.5	-1.09708e-15
168	-1.133672e-15
168.5	-1.136721e-15
169	-1.098097e-15
169.5	-1.083867e-15
170	-9.893376e-16
170.5	-9.541011e-16
171	-9.856107e-16
171.5	-1.02288e-15
172	-1.032367e-15
172.5	-1.052018e-15
173	-1.139432e-15
173.5	-1.124524e-15
174	-1.096064e-15
174.5	-1.052357e-15
175	-9.571504e-16
175.5	-9.076836e-16
176	-8.748188e-16
176.5	-9.446143e-16
177	-9.192033e-16
177.5	-9.557951e-16
178	-9.961139e-16
178.5	-1.052018e-15
179	-1.087255e-15
179.5	-1.113682e-15
180	-1.131978e-15
180.5	-1.101485e-15
181	-1.123846e-15
181.5	-1.096403e-15
182	-1.126896e-15
182.5	-1.119442e-15
183	-1.114699e-15
183.5	-1.222441e-15
184	-1.238026e-15
184.5	-1.32544e-15
185	-1.374568e-15
185.5	-1.378973e-15
186	-1.359999e-15
186.5	-1.387782e-15
187	-1.397946e-15
187.5	-1.366437e-15
188	-1.358305e-15
188.5	-1.28851e-15
189	-1.259711e-15
189.5	-1.308161e-15
190	-1.336282e-15
190.5	-1.338654e-15
191	-1.431319e-15
191.5	-1.49112e-15
192	-1.540756e-15
192.5	-1.524832e-15
193	-1.50535e-15
193.5	-1.5909e-15
194	-1.667133e-15
194.5	-1.675773e-15
195	-1.669336e-15
195.5	-1.6795e-15
196	-1.718972e-15
196.5	-1.710501e-15
197	-1.719649e-15
197.5	-1.644772e-15
198	-1.606825e-15
198.5	-1.532455e-15
199	-1.572266e-15
199.5	-1.599032e-15
200	-1.564473e-15
