0.5	0
1	0
1.5	8.271806e-22
2	6.121137e-21
2.5	-1.158053e-21
3	-1.505469e-20
3.5	-1.240771e-20
4	-5.790264e-21
4.5	7.444626e-21
5	4.979627e-20
5.5	5.509023e-20
6	1.503814e-19
6.5	2.483196e-19
7	2.589075e-19
7.5	1.914096e-19
8	1.900861e-19
8.5	1.768512e-19
9	2.165559e-19
9.5	1.106768e-19
10	2.271438e-19
10.5	4.714929e-20
11	-5.563617e-19
11.5	6.303116e-20
12	-3.181337e-19
12.5	-3.226004e-20
13	-9.578751e-20
13.5	-3.498974e-19
14	4.647597e-18
14.5	4.7323e-18
15	7.019289e-18
15.5	5.325223e-18
16	2.445311e-18
16.5	-6.025018e-18
17	-2.059398e-17
17.5	-1.246247e-17
18	-9.074337e-18
18.5	-7.719084e-18
19	1.937092e-18
19.5	1.447318e-17
20	2.802571e-17
20.5	2.836452e-17
21	3.785129e-17
21.5	4.310289e-17
22	2.988918e-17
22.5	7.866322e-18
23	-2.804787e-17
23.5	-4.702141e-17
24	-4.939311e-17
24.5	-4.092278e-17
25	-3.516295e-17
25.5	-2.940313e-17
26	-2.838669e-17
26.5	-1.974695e-17
27	-2.127161e-17
27.5	-3.90593e-17
28	-2.889491e-17
28.5	-2.177983e-17
29	-3.397711e-17
29.5	-3.397711e-17
30	-3.600998e-17
30.5	-3.609469e-17
31	-2.787847e-17
31.5	-5.583056e-17
32	-7.260181e-17
32.5	-8.615433e-17
33	-8.429086e-17
33.5	-9.42435e-17
34	-1.011892e-16
34.5	-1.038997e-16
35	-1.03222e-16
35.5	-7.950513e-17
36	-6.186567e-17
36.5	-6.169626e-17
37	-6.067982e-17
37.5	-3.645468e-17
38	-1.444241e-17
38.5	-6.228835e-18
39	-1.690145e-17
39.5	-1.57156e-17
40	-2.859051e-17
40.5	-2.943754e-17
41	-2.977635e-17
41.5	-4.652643e-17
42	-6.124363e-17
42.5	-7.58973e-17
43	-9.902129e-17
43.5	-8.851809e-17
44	-9.199092e-17
44.5	-6.437765e-17
45	-5.438266e-17
45.5	-7.047628e-17
46	-8.63158e-17
46.5	-9.520965e-17
47	-1.049505e-16
47.5	-1.238394e-16
48	-1.374766e-16
48.5	-1.386624e-16
49	-1.277357e-16
49.5	-1.27651e-16
50	-1.217218e-16
50.5	-1.104562e-16
51	-8.733224e-17
51.5	-6.929044e-17
52	-3.405387e-17
52.5	-3.811963e-17
53	-1.965431e-17
53.5	-2.883055e-18
54	-1.999312e-17
54.5	-3.091985e-17
55	-7.530437e-17
55.5	-9.9106e-17
56	-9.834367e-17
56.5	-9.232973e-17
57	-7.293268e-17
57.5	-6.751167e-17
58	-9.39391e-17
58.5	-6.734226e-17
59	-4.362534e-17
59.5	-4.159246e-17
60	-7.039158e-17
60.5	-6.259888e-17
61	-1.855316e-17
61.5	-6.525297e-18
62	-6.525297e-18
62.5	-2.685409e-17
63	-3.939018e-17
63.5	-3.091985e-17
64	-1.973901e-17
64.5	-2.363536e-17
65	-3.278332e-17
65.5	-3.955958e-17
66	-3.786552e-17
66.5	-6.429294e-17
67	-7.86925e-17
67.5	-8.851809e-17
68	-8.546877e-17
68.5	-8.851809e-17
69	-8.352059e-17
69.5	-1.218065e-16
70	-1.123197e-16
70.5	-8.89416e-17
71	-8.326648e-17
71.5	-5.387444e-17
72	-2.744701e-17
72.5	-1.18616e-17
73	1.050007e-17
73.5	4.74307e-17
74	3.303114e-17
74.5	1.253294e-17
75	5.756681e-18
75.5	2.710191e-17
76	4.658367e-17
76.5	6.149145e-17
77	8.393782e-17
77.5	1.110429e-16
78	1.301858e-16
78.5	1.567827e-16
79	1.482276e-16
79.5	1.383173e-16
80	1.01302e-16
80.5	1.079089e-16
81	1.116358e-16
81.5	8.300609e-17
82	6.250789e-17
82.5	5.471519e-17
83	3.384989e-18
83.5	-1.358396e-18
84	2.201971e-17
84.5	1.352109e-18
85	-2.846345e-17
85.5	-2.72776e-17
86	-1.527803e-18
86.5	-1.188989e-18
87	-6.61e-18
87.5	-3.269862e-17
88	-1.965431e-17
88.5	8.438897e-19
89	-1.931549e-17
89.5	-5.861782e-17
90	-7.877721e-17
90.5	-1.219759e-16
91	-1.51622e-16
91.5	-1.606006e-16
92	-1.638193e-16
92.5	-1.690709e-16
93	-1.631417e-16
93.5	-1.572125e-16
94	-1.043576e-16
94.5	-8.064068e-17
95	-9.317677e-17
95.5	-8.707813e-17
96	-9.487083e-17
96.5	-7.250916e-17
97	-3.117396e-17
97.5	1.727633e-17
98	1.354938e-17
98.5	-1.69438e-17
99	-3.252921e-17
99.5	-1.965431e-17
100	-1.321686e-17
100.5	-7.047628e-17
101	-9.520965e-17
101.5	-1.067293e-16
102	-1.504362e-16
102.5	-1.394248e-16
103	-1.175713e-16
103.5	-1.412882e-16
104	-1.567042e-16
104.5	-2.098979e-16
105	-2.273468e-16
105.5	-2.43271e-16
106	-2.502167e-16
106.5	-2.59534e-16
107	-2.725783e-16
107.5	-3.013775e-16
108	-2.83251e-16
108.5	-2.298879e-16
109	-2.112532e-16
109.5	-2.28702e-16
110	-2.608893e-16
110.5	-3.11203e-16
111	-3.440679e-16
111.5	-3.672766e-16
112	-3.660908e-16
112.5	-3.24925e-16
113	-3.161158e-16
113.5	-2.981587e-16
114	-3.215369e-16
114.5	-3.693095e-16
115	-3.393245e-16
115.5	-2.839286e-16
116	-2.707149e-16
116.5	-2.58687e-16
117	-2.769829e-16
117.5	-3.494889e-16
118	-4.480836e-16
118.5	-4.740028e-16
119	-4.369027e-16
119.5	-4.142023e-16
120	-4.148799e-16
120.5	-5.089005e-16
121	-5.036489e-16
121.5	-5.060206e-16
122	-5.236389e-16
122.5	-5.288905e-16
123	-5.349892e-16
123.5	-6.100363e-16
124	-6.13255e-16
124.5	-6.473057e-16
125	-6.862692e-16
125.5	-7.2032e-16
126	-7.684314e-16
126.5	-7.733442e-16
127	-7.662291e-16
127.5	-7.228611e-16
128	-7.040569e-16
128.5	-7.064286e-16
129	-7.360748e-16
129.5	-7.621634e-16
130	-6.876245e-16
130.5	-6.112221e-16
131	-4.892494e-16
131.5	-3.808292e-16
132	-2.883332e-16
132.5	-2.517413e-16
133	-2.964647e-16
133.5	-3.682931e-16
134	-3.947205e-16
134.5	-4.035296e-16
135	-4.784074e-16
135.5	-5.363444e-16
136	-5.373608e-16
136.5	-5.648047e-16
137	-6.095281e-16
137.5	-6.091892e-16
138	-6.085116e-16
138.5	-6.505244e-16
139	-6.54929e-16
139.5	-6.464587e-16
140	-6.346002e-16
140.5	-6.142714e-16
141	-5.902157e-16
141.5	-6.102057e-16
142	-6.118997e-16
142.5	-6.217253e-16
143	-6.061399e-16
143.5	-6.04107e-16
144	-6.993135e-16
144.5	-7.189647e-16
145	-7.562342e-16
145.5	-8.497466e-16
146	-8.494078e-16
146.5	-8.910818e-16
147	-8.358553e-16
147.5	-7.785958e-16
148	-7.975694e-16
148.5	-8.19931e-16
149	-8.809174e-16
149.5	-9.36144e-16
150	-1.047275e-15
150.5	-1.047613e-15
151	-1.033383e-15
151.5	-1.017459e-15
152	-9.629102e-16
152.5	-1.012377e-15
153	-1.093692e-15
153.5	-1.101824e-15
154	-1.132994e-15
154.5	-1.145531e-15
155	-1.149935e-15
155.5	-1.149935e-15
156	-1.117748e-15
156.5	-1.024574e-15
157	-1.048291e-15
157.5	-1.056423e-15
158	-1.105551e-15
158.5	-1.053035e-15
159	-1.037788e-15
159.5	-1.020847e-15
160	-1.059811e-15
160.5	-1.038127e-15
161	-1.074719e-15
161.5	-1.133672e-15
162	-1.146547e-15
162.5	-1.142142e-15
163	-1.140787e-15
163.5	-1.193642e-15
164	-1.184833e-15
164.5	-1.162471e-15
165	-1.108939e-15
165.5	-1.063877e-15
166	-1.066926e-15
166.5	-1.072008e-15
167	-1.084544e-15
167.5	-1.113343e-15
168	-1.118087e-15
168.5	-1.126218e-15
169	-1.094031e-15
169.5	-1.063538e-15
170	-9.564727e-16
170.5	-9.541011e-16
171	-9.984856e-16
171.5	-1.022203e-15
172	-1.043887e-15
172.5	-1.105551e-15
173	-1.126557e-15
173.5	-1.103179e-15
174	-1.078107e-15
174.5	-1.006956e-15
175	-9.493577e-16
175.5	-8.931147e-16
176	-8.971804e-16
176.5	-9.276736e-16
177	-9.307229e-16
177.5	-9.700253e-16
178	-1.017459e-15
178.5	-1.06286e-15
179	-1.097758e-15
179.5	-1.109955e-15
180	-1.106567e-15
180.5	-1.11707e-15
181	-1.095725e-15
181.5	-1.098774e-15
182	-1.113004e-15
182.5	-1.116731e-15
183	-1.154001e-15
183.5	-1.235994e-15
184	-1.272924e-15
184.5	-1.358305e-15
185	-1.367114e-15
185.5	-1.36847e-15
186	-1.367453e-15
186.5	-1.396591e-15
187	-1.384394e-15
187.5	-1.357628e-15
188	-1.324085e-15
188.5	-1.292067e-15
189	-1.275465e-15
189.5	-1.338654e-15
190	-1.33137e-15
190.5	-1.382361e-15
191	-1.43979e-15
191.5	-1.490104e-15
192	-1.537707e-15
192.5	-1.539909e-15
193	-1.517717e-15
193.5	-1.618175e-15
194	-1.662898e-15
194.5	-1.677298e-15
195	-1.677298e-15
195.5	-1.701354e-15
196	-1.701015e-15
196.5	-1.697627e-15
197	-1.689834e-15
197.5	-1.642231e-15
198	-1.571757e-15
198.5	-1.557697e-15
199	-1.584802e-15
199.5	-1.582769e-15
200	-1.569386e-15
