0.5	0
1	-1.654361e-22
1.5	8.271806e-22
2	1.00916e-20
2.5	-8.437242e-21
3	-2.431911e-20
3.5	-8.437242e-21
4	-5.790264e-21
4.5	3.126743e-20
5	3.656138e-20
5.5	8.685396e-20
6	1.874391e-19
6.5	2.906713e-19
7	2.244968e-19
7.5	2.324378e-19
8	2.642015e-19
8.5	6.303116e-20
9	1.900861e-19
9.5	4.797648e-21
10	2.05968e-19
10.5	-1.637818e-20
11	-7.204743e-19
11.5	3.383169e-19
12	-1.429864e-18
12.5	2.275905e-18
13	-2.001612e-18
13.5	4.971355e-19
14	6.087553e-18
14.5	2.445311e-18
15	1.006861e-17
15.5	2.614718e-18
16	2.784125e-18
16.5	-1.07684e-17
17	-1.940814e-17
17.5	-1.07684e-17
18	-1.127662e-17
18.5	-6.040073e-19
19	1.464259e-17
19.5	2.074122e-17
20	2.497639e-17
20.5	3.124443e-17
21	3.903713e-17
21.5	4.699924e-17
22	1.853894e-17
22.5	-3.314513e-18
23	-4.058396e-17
23.5	-5.074836e-17
24	-5.074836e-17
24.5	-3.346889e-17
25	-3.346889e-17
25.5	-2.804787e-17
26	-1.686704e-17
26.5	-1.669763e-17
27	-1.771407e-17
27.5	-4.617438e-17
28	-2.177983e-17
28.5	-2.245746e-17
29	-3.973693e-17
29.5	-4.1431e-17
30	-3.338418e-17
30.5	-2.940313e-17
31	-3.465473e-17
31.5	-6.277623e-17
32	-8.581552e-17
32.5	-8.412146e-17
33	-8.852603e-17
33.5	-9.898688e-17
34	-1.005115e-16
34.5	-1.06949e-16
35	-9.983392e-17
35.5	-6.459735e-17
36	-6.457617e-17
36.5	-5.813872e-17
37	-5.678347e-17
37.5	-2.630087e-17
38	-3.092167e-18
38.5	-1.30051e-17
39	-1.486857e-17
39.5	-2.401653e-17
40	-2.300009e-17
40.5	-3.485855e-17
41	-3.197864e-17
41.5	-5.938015e-17
42	-6.31918e-17
42.5	-8.648521e-17
43	-9.868248e-17
43.5	-8.216534e-17
44	-8.87722e-17
44.5	-4.811461e-17
45	-5.234978e-17
45.5	-7.894661e-17
46	-8.88569e-17
46.5	-1.069834e-16
47	-1.013083e-16
47.5	-1.321403e-16
48	-1.471328e-16
48.5	-1.259569e-16
49	-1.25364e-16
49.5	-1.2367e-16
50	-1.246864e-16
50.5	-1.002918e-16
51	-7.521967e-17
51.5	-5.302741e-17
52	-3.202099e-17
52.5	-2.947989e-17
53	-7.88055e-18
53.5	-5.847671e-18
54	-2.304244e-17
54.5	-3.75267e-17
55	-9.893659e-17
55.5	-9.698842e-17
56	-1.002071e-16
56.5	-7.530437e-17
57	-7.191624e-17
57.5	-7.123861e-17
58	-1.111339e-16
58.5	-4.083013e-17
59	-3.820433e-17
59.5	-4.464178e-17
60	-7.445734e-17
60.5	-5.54838e-17
61	2.509666e-19
61.5	-4.831231e-18
62	-1.160749e-17
62.5	-3.532442e-17
63	-4.684407e-17
63.5	-2.820934e-17
64	-2.126367e-17
64.5	-2.905637e-17
65	-3.549382e-17
65.5	-3.955958e-17
66	-4.667466e-17
66.5	-5.768609e-17
67	-8.614639e-17
67.5	-8.648521e-17
68	-9.190622e-17
68.5	-8.479114e-17
69	-7.979365e-17
69.5	-1.465398e-16
70	-8.487584e-17
70.5	-9.808956e-17
71	-7.047628e-17
71.5	-5.184156e-17
72	-7.11822e-18
72.5	-1.558855e-17
73	3.45558e-17
73.5	5.302112e-17
74	1.253294e-17
74.5	1.321057e-17
75	-4.746528e-18
75.5	4.21791e-17
76	4.47202e-17
76.5	7.783918e-17
77	1.024031e-16
77.5	1.05876e-16
78	1.410278e-16
78.5	1.602555e-16
79	1.404349e-16
79.5	1.26713e-16
80	8.639422e-17
80.5	1.099417e-16
81	1.079089e-16
81.5	6.098323e-17
82	6.894534e-17
82.5	3.574165e-17
83	-8.13466e-18
83.5	-5.762967e-18
84	3.591105e-17
84.5	-3.052462e-18
85	-5.861782e-17
85.5	-1.491092e-17
86	6.744831e-19
86.5	-3.221868e-18
87	-2.897167e-17
87.5	-3.269862e-17
88	4.570835e-18
88.5	1.690923e-18
89	-3.083514e-17
89.5	-8.419822e-17
90	-7.809958e-17
90.5	-1.34512e-16
91	-1.582289e-16
91.5	-1.785577e-16
92	-1.485727e-16
92.5	-1.782189e-16
93	-1.685627e-16
93.5	-1.355284e-16
94	-8.944982e-17
94.5	-9.385439e-17
95	-8.775576e-17
95.5	-1.111339e-16
96	-9.893659e-17
96.5	-4.404886e-17
97	-5.085341e-18
97.5	3.557224e-17
98	-1.931549e-17
98.5	-1.69438e-17
99	-4.201598e-17
99.5	5.756681e-18
100	-2.71082e-17
100.5	-9.080508e-17
101	-1.038494e-16
101.5	-1.118115e-16
102	-1.775412e-16
102.5	-1.060517e-16
103	-1.218065e-16
103.5	-1.438293e-16
104	-1.760166e-16
104.5	-2.251445e-16
105	-2.153189e-16
105.5	-2.546212e-16
106	-2.37003e-16
106.5	-2.600423e-16
107	-3.081537e-16
107.5	-3.088314e-16
108	-2.349701e-16
108.5	-2.193847e-16
109	-2.359865e-16
109.5	-2.414075e-16
110	-2.796934e-16
110.5	-3.24925e-16
111	-3.584675e-16
111.5	-3.771022e-16
112	-3.642273e-16
112.5	-3.188263e-16
113	-3.029021e-16
113.5	-2.930765e-16
114	-3.472867e-16
114.5	-3.447456e-16
115	-3.186569e-16
115.5	-2.693596e-16
116	-2.646162e-16
116.5	-2.74103e-16
117	-2.929071e-16
117.5	-3.835397e-16
118	-4.789156e-16
118.5	-4.806096e-16
119	-4.206397e-16
119.5	-4.013274e-16
120	-4.491e-16
120.5	-5.354974e-16
121	-4.880635e-16
121.5	-5.399019e-16
122	-5.212672e-16
122.5	-5.251636e-16
123	-5.412572e-16
123.5	-6.445952e-16
124	-6.218947e-16
124.5	-6.557761e-16
125	-7.040569e-16
125.5	-7.264186e-16
126	-7.923178e-16
126.5	-7.526766e-16
127	-7.652127e-16
127.5	-6.964336e-16
128	-6.866081e-16
128.5	-6.942313e-16
129	-7.833392e-16
129.5	-7.262492e-16
130	-6.420541e-16
130.5	-5.814066e-16
131	-4.255525e-16
131.5	-3.544017e-16
132	-2.463203e-16
132.5	-2.436098e-16
133	-3.323789e-16
133.5	-3.81168e-16
134	-3.903159e-16
134.5	-4.072566e-16
135	-5.410878e-16
135.5	-5.210978e-16
136	-5.187261e-16
136.5	-5.810677e-16
137	-6.098669e-16
137.5	-6.234194e-16
138	-6.396824e-16
138.5	-6.285016e-16
139	-6.789848e-16
139.5	-6.535738e-16
140	-6.237582e-16
140.5	-6.051235e-16
141	-6.000413e-16
141.5	-6.335838e-16
142	-6.210477e-16
142.5	-6.115609e-16
143	-6.013965e-16
143.5	-6.522185e-16
144	-7.172706e-16
144.5	-7.199811e-16
145	-7.830004e-16
145.5	-8.568617e-16
146	-8.710918e-16
146.5	-8.856608e-16
147	-7.941812e-16
147.5	-7.779182e-16
148	-7.962141e-16
148.5	-8.300954e-16
149	-9.164928e-16
149.5	-9.79512e-16
150	-1.079462e-15
150.5	-1.04016e-15
151	-1.058117e-15
151.5	-9.825614e-16
152	-9.649431e-16
152.5	-1.053712e-15
153	-1.099113e-15
153.5	-1.109955e-15
154	-1.158405e-15
154.5	-1.136721e-15
155	-1.153323e-15
155.5	-1.164165e-15
156	-1.065571e-15
156.5	-1.024913e-15
157	-1.06862e-15
157.5	-1.047275e-15
158	-1.137399e-15
158.5	-1.026946e-15
159	-1.052357e-15
159.5	-1.01441e-15
160	-1.088271e-15
160.5	-1.034061e-15
161	-1.113343e-15
161.5	-1.118764e-15
162	-1.153323e-15
162.5	-1.140787e-15
163	-1.155695e-15
163.5	-1.208889e-15
164	-1.185172e-15
164.5	-1.149935e-15
165	-1.078784e-15
165.5	-1.062182e-15
166	-1.069298e-15
166.5	-1.076413e-15
167	-1.069975e-15
167.5	-1.129606e-15
168	-1.102501e-15
168.5	-1.115715e-15
169	-1.089965e-15
169.5	-1.043209e-15
170	-9.236079e-16
170.5	-9.541011e-16
171	-1.01136e-15
171.5	-1.021525e-15
172	-1.055406e-15
172.5	-1.159083e-15
173	-1.113682e-15
173.5	-1.081834e-15
174	-1.06015e-15
174.5	-9.615549e-16
175	-9.41565e-16
175.5	-8.785457e-16
176	-9.195421e-16
176.5	-9.10733e-16
177	-9.422426e-16
177.5	-9.842554e-16
178	-1.038804e-15
178.5	-1.073702e-15
179	-1.108261e-15
179.5	-1.106228e-15
180	-1.081156e-15
180.5	-1.132656e-15
181	-1.067603e-15
181.5	-1.101146e-15
182	-1.099113e-15
182.5	-1.114021e-15
183	-1.193303e-15
183.5	-1.249546e-15
184	-1.307822e-15
184.5	-1.39117e-15
185	-1.35966e-15
185.5	-1.357966e-15
186	-1.374907e-15
186.5	-1.4054e-15
187	-1.370841e-15
187.5	-1.348818e-15
188	-1.289865e-15
188.5	-1.295625e-15
189	-1.29122e-15
189.5	-1.369147e-15
190	-1.326457e-15
190.5	-1.426068e-15
191	-1.44826e-15
191.5	-1.489087e-15
192	-1.534657e-15
192.5	-1.554986e-15
193	-1.530083e-15
193.5	-1.645449e-15
194	-1.658663e-15
194.5	-1.678822e-15
195	-1.68526e-15
195.5	-1.723207e-15
196	-1.683058e-15
196.5	-1.684752e-15
197	-1.660018e-15
197.5	-1.63969e-15
198	-1.53669e-15
198.5	-1.582938e-15
199	-1.597338e-15
199.5	-1.566506e-15
200	-1.574299e-15
