0.5	0
1	0
1.5	8.988431e-05
2	0.0002378787
2.5	0.00044273
3	0.000702852
3.5	0.00101634
4	0.001383243
4.5	0.001800242
5	0.002267637
5.5	0.002782759
6	0.003345814
6.5	0.003956463
7	0.004618897
7.5	0.005338115
8	0.006120994
8.5	0.00698689
9	0.007975666
9.5	0.009117024
10	0.01055629
10.5	0.01247773
11	0.01518008
11.5	0.01904807
12	0.02485951
12.5	0.03371791
13	0.04624482
13.5	0.06368246
14	0.08363165
14.5	0.1092476
15	0.1378942
15.5	0.1683504
16	0.2009418
16.5	0.2357813
17	0.2728302
17.5	0.3134862
18	0.3552537
18.5	0.3984082
19	0.4440897
19.5	0.4902216
20	0.5369046
20.5	0.5856526
21	0.6345597
21.5	0.6825347
22	0.7302693
22.5	0.7772707
23	0.8239967
23.5	0.8715112
24	0.9199763
24.5	0.9693884
25	1.01743
25.5	1.065552
26	1.113697
26.5	1.162465
27	1.210877
27.5	1.257719
28	1.304173
28.5	1.349814
29	1.395034
29.5	1.438982
30	1.482506
30.5	1.526043
31	1.56881
31.5	1.61128
32	1.652708
32.5	1.693594
33	1.734034
33.5	1.773708
34	1.814479
34.5	1.854244
35	1.892746
35.5	1.931127
36	1.967184
36.5	2.00204
37	2.03624
37.5	2.071082
38	2.106611
38.5	2.141719
39	2.176131
39.5	2.210788
40	2.245336
40.5	2.279847
41	2.314471
41.5	2.349424
42	2.385031
42.5	2.421678
43	2.46047
43.5	2.500827
44	2.542516
44.5	2.584085
45	2.624885
45.5	2.666186
46	2.707498
46.5	2.747798
47	2.786899
47.5	2.826073
48	2.864122
48.5	2.901191
49	2.937732
49.5	2.974112
50	3.009443
50.5	3.044797
51	3.079162
51.5	3.11227
52	3.144632
52.5	3.176955
53	3.209452
53.5	3.242868
54	3.277117
54.5	3.310951
55	3.343705
55.5	3.377071
56	3.410032
56.5	3.442387
57	3.473881
57.5	3.505165
58	3.536491
58.5	3.567467
59	3.598882
59.5	3.629759
60	3.660402
60.5	3.690123
61	3.719613
61.5	3.749741
62	3.779833
62.5	3.809526
63	3.83868
63.5	3.867493
64	3.895415
64.5	3.922439
65	3.950351
65.5	3.979494
66	4.009023
66.5	4.038539
67	4.067397
67.5	4.095429
68	4.122669
68.5	4.149217
69	4.17457
69.5	4.199868
70	4.224489
70.5	4.248556
71	4.272625
71.5	4.296709
72	4.321287
72.5	4.345631
73	4.370121
73.5	4.394254
74	4.418394
74.5	4.442239
75	4.466585
75.5	4.490067
76	4.513161
76.5	4.535985
77	4.558731
77.5	4.581431
78	4.604197
78.5	4.627481
79	4.65027
79.5	4.672614
80	4.694564
80.5	4.716613
81	4.737572
81.5	4.758218
82	4.778677
82.5	4.79921
83	4.820603
83.5	4.841948
84	4.862859
84.5	4.884152
85	4.906903
85.5	4.929034
86	4.95169
86.5	4.974604
87	4.99799
87.5	5.020904
88	5.043373
88.5	5.066101
89	5.08844
89.5	5.111185
90	5.134159
90.5	5.156924
91	5.178403
91.5	5.199502
92	5.220599
92.5	5.241797
93	5.261812
93.5	5.281537
94	5.300851
94.5	5.320521
95	5.339944
95.5	5.358923
96	5.377372
96.5	5.395217
97	5.41199
97.5	5.427844
98	5.443302
98.5	5.458421
99	5.472475
99.5	5.485785
100	5.498656
100.5	5.511663
101	5.524436
101.5	5.537641
102	5.552515
102.5	5.568048
103	5.583913
103.5	5.599566
104	5.615105
104.5	5.629611
105	5.643823
105.5	5.657476
106	5.671692
106.5	5.68631
107	5.701246
107.5	5.715876
108	5.730373
108.5	5.743369
109	5.756036
109.5	5.768531
110	5.781146
110.5	5.793654
111	5.80616
111.5	5.818927
112	5.831634
112.5	5.844129
113	5.858937
113.5	5.874379
114	5.888842
114.5	5.902209
115	5.915018
115.5	5.928747
116	5.942846
116.5	5.957292
117	5.972057
117.5	5.985655
118	5.997923
118.5	6.009694
119	6.021434
119.5	6.033708
120	6.045372
120.5	6.05693
121	6.068596
121.5	6.080452
122	6.092015
122.5	6.103704
123	6.115221
123.5	6.126296
124	6.137856
124.5	6.149378
125	6.161233
125.5	6.173955
126	6.186176
126.5	6.197277
127	6.208718
127.5	6.220642
128	6.232406
128.5	6.243207
129	6.253656
129.5	6.263152
130	6.27148
130.5	6.27903
131	6.286887
131.5	6.295241
132	6.302911
132.5	6.31115
133	6.31919
133.5	6.328841
134	6.33909
134.5	6.349749
135	6.359438
135.5	6.368704
136	6.378478
136.5	6.387791
137	6.398111
137.5	6.408512
138	6.417928
138.5	6.426786
139	6.435288
139.5	6.443405
140	6.450875
140.5	6.457775
141	6.463927
141.5	6.469776
142	6.476646
142.5	6.483574
143	6.491483
143.5	6.500871
144	6.510131
144.5	6.519477
145	6.528709
145.5	6.537104
146	6.545557
146.5	6.553868
147	6.562216
147.5	6.57109
148	6.579678
148.5	6.587608
149	6.594209
149.5	6.600481
150	6.606583
150.5	6.613329
151	6.619212
151.5	6.62491
152	6.630204
152.5	6.634752
153	6.638058
153.5	6.64053
154	6.641889
154.5	6.642773
155	6.64409
155.5	6.646084
156	6.649542
156.5	6.653711
157	6.657262
157.5	6.661384
158	6.664968
158.5	6.668637
159	6.672873
159.5	6.676547
160	6.680273
160.5	6.683448
161	6.686709
161.5	6.688748
162	6.690795
162.5	6.692089
163	6.692968
163.5	6.693769
164	6.694514
164.5	6.695095
165	6.695279
165.5	6.695383
166	6.695413
166.5	6.695154
167	6.694468
167.5	6.695553
168	6.697355
168.5	6.699198
169	6.700895
169.5	6.703583
170	6.706432
170.5	6.708898
171	6.710982
171.5	6.712309
172	6.712975
172.5	6.71362
173	6.713978
173.5	6.715561
174	6.71656
174.5	6.717186
175	6.718254
175.5	6.72025
176	6.72267
176.5	6.724945
177	6.727381
177.5	6.729246
178	6.729401
178.5	6.728841
179	6.728188
179.5	6.72691
180	6.725769
180.5	6.723006
181	6.719796
181.5	6.716567
182	6.715025
182.5	6.714186
183	6.713169
183.5	6.711932
184	6.709734
184.5	6.70659
185	6.702673
185.5	6.698608
186	6.693854
186.5	6.688677
187	6.683818
187.5	6.679071
188	6.674465
188.5	6.67055
189	6.666022
189.5	6.661735
190	6.658977
190.5	6.656561
191	6.65495
191.5	6.654891
192	6.656847
192.5	6.661429
193	6.665272
193.5	6.669283
194	6.672556
194.5	6.675149
195	6.677451
195.5	6.679732
196	6.680586
196.5	6.680807
197	6.681329
197.5	6.681884
198	6.682191
198.5	6.682623
199	6.681574
199.5	6.680415
200	6.679081
