0.5	0
1	1
1.5	0.334551
2	0.2436118
2.5	0.218592
3	0.2291602
3.5	0.231929
4	0.2231031
4.5	0.2136991
5	0.2028411
5.5	0.1937928
6	0.1889442
6.5	0.1895553
7	0.2003688
7.5	0.2193613
8	0.2391397
8.5	0.2599448
9	0.2769944
9.5	0.2681803
10	0.2801525
10.5	0.280636
11	0.2794041
11.5	0.284944
12	0.269672
12.5	0.2503712
13	0.2451261
13.5	0.2475553
14	0.2237415
14.5	0.2091145
15	0.2023654
15.5	0.1929916
16	0.171829
16.5	0.1530002
17	0.1499158
17.5	0.1526437
18	0.1435493
18.5	0.1320075
19	0.1267259
19.5	0.1195293
20	0.1146333
20.5	0.1081329
21	0.1041222
21.5	0.1004805
22	0.09608383
22.5	0.0928862
23	0.09152175
23.5	0.09298495
24	0.09198132
24.5	0.0895281
25	0.08738749
25.5	0.08653422
26	0.08301885
26.5	0.07835848
27	0.07350527
27.5	0.07007622
28	0.06891022
28.5	0.06745931
29	0.06579681
29.5	0.06398431
30	0.06333952
30.5	0.06337141
31	0.06365987
31.5	0.06172218
32	0.05882773
32.5	0.05800631
33	0.05940681
33.5	0.06010198
34	0.05741812
34.5	0.0550367
35	0.05425068
35.5	0.05532609
36	0.05640836
36.5	0.05777379
37	0.05813291
37.5	0.05712697
38	0.05566381
38.5	0.05539287
39	0.056546
39.5	0.05673523
40	0.05725027
40.5	0.05727952
41	0.0573606
41.5	0.05748975
42	0.05790753
42.5	0.05930741
43	0.05753446
43.5	0.05698169
44	0.05689651
44.5	0.05531589
45	0.05404187
45.5	0.05266551
46	0.05134392
46.5	0.05048251
47	0.04953234
47.5	0.0482606
48	0.04728725
48.5	0.04678838
49	0.0465766
49.5	0.04589736
50	0.04551999
50.5	0.04578718
51	0.04510212
51.5	0.04412659
52	0.04309135
52.5	0.04247839
53	0.04156368
53.5	0.04156167
54	0.04143858
54.5	0.04102184
55	0.0403405
55.5	0.03925716
56	0.03873776
56.5	0.03854812
57	0.03896754
57.5	0.03983528
58	0.03983229
58.5	0.03963664
59	0.03963742
59.5	0.03876805
60	0.03816508
60.5	0.03891325
61	0.03960035
61.5	0.03972882
62	0.03964943
62.5	0.03873533
63	0.0383964
63.5	0.03841229
64	0.03865768
64.5	0.03916364
65	0.03963269
65.5	0.0391618
66	0.03855145
66.5	0.03792211
67	0.03719924
67.5	0.03645409
68	0.03571244
68.5	0.03548305
69	0.03542847
69.5	0.03559517
70	0.03603187
70.5	0.03608543
71	0.0350511
71.5	0.03537024
72	0.03574051
72.5	0.03591852
73	0.03619
73.5	0.03629578
74	0.03549097
74.5	0.03446553
75	0.03397859
75.5	0.03434734
76	0.0342535
76.5	0.03429495
77	0.03405189
77.5	0.03348317
78	0.03428407
78.5	0.03275707
79	0.03169594
79.5	0.03153263
80	0.0308243
80.5	0.031201
81	0.03110885
81.5	0.0304194
82	0.03028681
82.5	0.03041759
83	0.0313676
83.5	0.03300289
84	0.03421794
84.5	0.03541215
85	0.036343
85.5	0.03584056
86	0.03652855
86.5	0.03566121
87	0.03516703
87.5	0.03504949
88	0.03438085
88.5	0.03376323
89	0.03270393
89.5	0.03180143
90	0.03222312
90.5	0.03205358
91	0.03164323
91.5	0.03069033
92	0.03011689
92.5	0.0302521
93	0.02968181
93.5	0.02887302
94	0.02807859
94.5	0.02697516
95	0.02659133
95.5	0.0260393
96	0.02526142
96.5	0.02463959
97	0.02456255
97.5	0.02465361
98	0.02491895
98.5	0.0248676
99	0.02492031
99.5	0.02507101
100	0.02517033
100.5	0.02526881
101	0.02565426
101.5	0.0258101
102	0.02629417
102.5	0.02676219
103	0.02727947
103.5	0.02736588
104	0.02767527
104.5	0.02772408
105	0.02759379
105.5	0.02735134
106	0.02728994
106.5	0.02702863
107	0.02663715
107.5	0.02608697
108	0.02568681
108.5	0.02593798
109	0.02560566
109.5	0.02478769
110	0.02486241
110.5	0.02406827
111	0.02371539
111.5	0.0235076
112	0.02325688
112.5	0.02322193
113	0.02299932
113.5	0.02298792
114	0.02278674
114.5	0.02283143
115	0.02299285
115.5	0.02313192
116	0.02314747
116.5	0.02316405
117	0.02290315
117.5	0.02267768
118	0.02254864
118.5	0.02213025
119	0.02182372
119.5	0.02142986
120	0.02139604
120.5	0.02144196
121	0.02137199
121.5	0.02169105
122	0.02192499
122.5	0.02189186
123	0.02184281
123.5	0.02187623
124	0.02183039
124.5	0.02187456
125	0.02181559
125.5	0.02152437
126	0.02128833
126.5	0.02091601
127	0.02063066
127.5	0.02025005
128	0.0197369
128.5	0.01959815
129	0.01945542
129.5	0.01969202
130	0.02006481
130.5	0.02058227
131	0.0212221
131.5	0.02066291
132	0.02070726
132.5	0.02070862
133	0.02093669
133.5	0.02118541
134	0.02109748
134.5	0.02050838
135	0.02012299
135.5	0.02005358
136	0.02001095
136.5	0.0201425
137	0.02000406
137.5	0.01984395
138	0.01987317
138.5	0.01976865
139	0.01971278
139.5	0.01981452
140	0.02015994
140.5	0.01994641
141	0.0202655
141.5	0.02064651
142	0.02082296
142.5	0.02083706
143	0.02145969
143.5	0.0214562
144	0.02124185
144.5	0.02111162
145	0.02104626
145.5	0.02107122
146	0.02065392
146.5	0.02069451
147	0.02058393
147.5	0.02031537
148	0.01990015
148.5	0.01962739
149	0.01969698
149.5	0.01976642
150	0.01974439
150.5	0.01964267
151	0.01970647
151.5	0.01935915
152	0.01933578
152.5	0.01938248
153	0.0197234
153.5	0.0199108
154	0.02024543
154.5	0.02044697
155	0.02058583
155.5	0.02073261
156	0.02062285
156.5	0.02057042
157	0.02068976
157.5	0.02127046
158	0.02137732
158.5	0.02128973
159	0.02095241
159.5	0.02073069
160	0.02049608
160.5	0.02007539
161	0.0196908
161.5	0.01946177
162	0.01967989
162.5	0.0197425
163	0.02010931
163.5	0.02058131
164	0.0209311
164.5	0.02107037
165	0.02118068
165.5	0.02092627
166	0.0205397
166.5	0.02042397
167	0.02050807
167.5	0.02070607
168	0.02078841
168.5	0.02051234
169	0.02059958
169.5	0.02032766
170	0.0203616
170.5	0.02035006
171	0.02065018
171.5	0.02122746
172	0.02181993
172.5	0.02233047
173	0.02266345
173.5	0.02295357
174	0.02290393
174.5	0.02281886
175	0.02196786
175.5	0.02127801
176	0.0205779
176.5	0.02000565
177	0.0198156
177.5	0.01941537
178	0.01940541
178.5	0.01949625
179	0.01930675
179.5	0.01936116
180	0.01961005
180.5	0.02011458
181	0.02065448
181.5	0.0212541
182	0.02164569
182.5	0.02198982
183	0.02179795
183.5	0.02134104
184	0.02141955
184.5	0.02125116
185	0.02133761
185.5	0.02133279
186	0.0211943
186.5	0.02098492
187	0.02100941
187.5	0.02119868
188	0.02148027
188.5	0.02210102
189	0.02314204
189.5	0.0240381
190	0.02448868
190.5	0.02491985
191	0.02539919
191.5	0.02511806
192	0.02384675
192.5	0.02250468
193	0.02182881
193.5	0.02186951
194	0.02205194
194.5	0.02229165
195	0.02210708
195.5	0.02194016
196	0.02217204
196.5	0.02274417
197	0.02326206
197.5	0.02414673
198	0.0244655
198.5	0.0245827
199	0.02450037
199.5	0.02474147
200	0.02581677
