0.5	0
1	17
1.5	16
2	12
2.5	13
3	13
3.5	13
4	37
4.5	38
5	38
5.5	42
6	43
6.5	45
7	45
7.5	47
8	47
8.5	47
9	47
9.5	47
10	46
10.5	47
11	46
11.5	45
12	44
12.5	46
13	46
13.5	44
14	43
14.5	43
15	46
15.5	46
16	46
16.5	44
17	44
17.5	44
18	45
18.5	40
19	42
19.5	44
20	43
20.5	46
21	46
21.5	45
22	45
22.5	45
23	46
23.5	45
24	43
24.5	42
25	45
25.5	44
26	47
26.5	43
27	41
27.5	42
28	47
28.5	47
29	44
29.5	44
30	47
30.5	46
31	44
31.5	44
32	41
32.5	45
33	46
33.5	46
34	40
34.5	47
35	46
35.5	47
36	47
36.5	44
37	45
37.5	46
38	44
38.5	47
39	45
39.5	46
40	47
40.5	47
41	43
41.5	48
42	47
42.5	47
43	47
43.5	48
44	48
44.5	48
45	48
45.5	49
46	46
46.5	46
47	47
47.5	48
48	48
48.5	46
49	48
49.5	48
50	48
50.5	48
51	43
51.5	46
52	44
52.5	47
53	40
53.5	47
54	48
54.5	47
55	48
55.5	31
56	26
56.5	25
57	24
57.5	26
58	48
58.5	48
59	44
59.5	48
60	49
60.5	49
61	48
61.5	48
62	48
62.5	48
63	48
63.5	48
64	48
64.5	48
65	46
65.5	46
66	46
66.5	48
67	39
67.5	45
68	43
68.5	45
69	48
69.5	41
70	48
70.5	48
71	48
71.5	40
72	48
72.5	48
73	48
73.5	49
74	25
74.5	25
75	26
75.5	27
76	46
76.5	48
77	48
77.5	48
78	26
78.5	47
79	48
79.5	48
80	47
80.5	47
81	47
81.5	27
82	27
82.5	23
83	22
83.5	26
84	28
84.5	23
85	22
85.5	22
86	46
86.5	47
87	41
87.5	47
88	48
88.5	49
89	47
89.5	47
90	46
90.5	46
91	49
91.5	39
92	47
92.5	23
93	42
93.5	44
94	49
94.5	43
95	25
95.5	46
96	26
96.5	47
97	41
97.5	18
98	41
98.5	47
99	47
99.5	47
100	47
100.5	45
101	42
101.5	29
102	42
102.5	42
103	49
103.5	47
104	50
104.5	49
105	45
105.5	45
106	49
106.5	49
107	42
107.5	45
108	44
108.5	31
109	46
109.5	46
110	47
110.5	22
111	47
111.5	43
112	44
112.5	40
113	23
113.5	47
114	26
114.5	25
115	49
115.5	46
116	47
116.5	47
117	26
117.5	21
118	19
118.5	44
119	46
119.5	44
120	46
120.5	47
121	47
121.5	47
122	48
122.5	47
123	25
123.5	25
124	48
124.5	49
125	48
125.5	48
126	48
126.5	42
127	48
127.5	41
128	44
128.5	48
129	49
129.5	49
130	49
130.5	49
131	50
131.5	48
132	45
132.5	24
133	25
133.5	23
134	19
134.5	45
135	45
135.5	44
136	45
136.5	45
137	47
137.5	24
138	23
138.5	24
139	24
139.5	25
140	50
140.5	48
141	49
141.5	50
142	25
142.5	48
143	48
143.5	48
144	41
144.5	42
145	48
145.5	42
146	25
146.5	50
147	47
147.5	47
148	41
148.5	47
149	48
149.5	49
150	48
150.5	44
151	43
151.5	50
152	50
152.5	24
153	24
153.5	50
154	46
154.5	50
155	50
155.5	18
156	47
156.5	50
157	26
157.5	50
158	47
158.5	48
159	50
159.5	50
160	50
160.5	50
161	49
161.5	46
162	45
162.5	48
163	49
163.5	47
164	46
164.5	46
165	47
165.5	48
166	47
166.5	49
167	48
167.5	47
168	24
168.5	27
169	30
169.5	50
170	46
170.5	50
171	50
171.5	50
172	47
172.5	50
173	48
173.5	50
174	47
174.5	48
175	49
175.5	23
176	48
176.5	48
177	48
177.5	48
178	49
178.5	28
179	49
179.5	49
180	49
180.5	49
181	50
181.5	50
182	23
182.5	46
183	42
183.5	44
184	48
184.5	46
185	46
185.5	46
186	48
186.5	46
187	47
187.5	44
188	42
188.5	48
189	48
189.5	48
190	47
190.5	48
191	48
191.5	50
192	49
192.5	49
193	41
193.5	49
194	46
194.5	48
195	45
195.5	49
196	49
196.5	43
197	41
197.5	45
198	47
198.5	46
199	27
199.5	42
200	23
