0.5	0
1	9
1.5	15
2	13
2.5	14
3	37
3.5	39
4	6
4.5	13
5	14
5.5	15
6	11
6.5	10
7	9
7.5	9
8	10
8.5	9
9	9
9.5	8
10	8
10.5	6
11	11
11.5	9
12	7
12.5	7
13	11
13.5	9
14	12
14.5	11
15	7
15.5	9
16	8
16.5	8
17	8
17.5	10
18	11
18.5	11
19	12
19.5	9
20	10
20.5	6
21	6
21.5	5
22	6
22.5	6
23	6
23.5	9
24	9
24.5	11
25	7
25.5	6
26	6
26.5	5
27	10
27.5	9
28	5
28.5	4
29	8
29.5	8
30	6
30.5	7
31	9
31.5	4
32	9
32.5	6
33	4
33.5	4
34	9
34.5	5
35	4
35.5	4
36	4
36.5	7
37	7
37.5	4
38	7
38.5	5
39	11
39.5	6
40	5
40.5	5
41	10
41.5	5
42	5
42.5	5
43	4
43.5	5
44	5
44.5	5
45	4
45.5	4
46	5
46.5	4
47	6
47.5	4
48	4
48.5	6
49	4
49.5	4
50	4
50.5	4
51	2
51.5	4
52	5
52.5	2
53	7
53.5	5
54	4
54.5	4
55	2
55.5	28
56	13
56.5	10
57	30
57.5	32
58	5
58.5	4
59	4
59.5	4
60	4
60.5	4
61	4
61.5	2
62	2
62.5	3
63	4
63.5	4
64	4
64.5	4
65	5
65.5	4
66	5
66.5	2
67	12
67.5	6
68	8
68.5	3
69	4
69.5	6
70	2
70.5	2
71	4
71.5	5
72	4
72.5	4
73	4
73.5	3
74	28
74.5	5
75	28
75.5	30
76	8
76.5	4
77	4
77.5	4
78	4
78.5	4
79	2
79.5	1
80	3
80.5	4
81	2
81.5	29
82	2
82.5	6
83	6
83.5	7
84	31
84.5	11
85	5
85.5	31
86	10
86.5	4
87	10
87.5	5
88	5
88.5	2
89	4
89.5	4
90	5
90.5	4
91	2
91.5	4
92	5
92.5	30
93	7
93.5	8
94	1
94.5	2
95	7
95.5	5
96	27
96.5	4
97	6
97.5	4
98	8
98.5	1
99	2
99.5	4
100	3
100.5	5
101	3
101.5	24
102	4
102.5	10
103	2
103.5	5
104	1
104.5	1
105	3
105.5	2
106	1
106.5	2
107	4
107.5	6
108	3
108.5	26
109	2
109.5	1
110	1
110.5	25
111	2
111.5	5
112	4
112.5	1
113	3
113.5	2
114	25
114.5	1
115	1
115.5	4
116	1
116.5	2
117	24
117.5	2
118	29
118.5	1
119	1
119.5	1
120	1
120.5	1
121	1
121.5	3
122	2
122.5	1
123	27
123.5	27
124	1
124.5	1
125	3
125.5	1
126	1
126.5	1
127	1
127.5	1
128	4
128.5	1
129	1
129.5	1
130	1
130.5	1
131	1
131.5	1
132	2
132.5	2
133	24
133.5	30
134	4
134.5	4
135	4
135.5	1
136	6
136.5	7
137	2
137.5	25
138	2
138.5	24
139	27
139.5	28
140	1
140.5	4
141	2
141.5	1
142	2
142.5	1
143	1
143.5	4
144	3
144.5	1
145	1
145.5	2
146	1
146.5	1
147	2
147.5	1
148	1
148.5	2
149	4
149.5	3
150	4
150.5	8
151	1
151.5	1
152	1
152.5	1
153	1
153.5	1
154	4
154.5	1
155	1
155.5	1
156	4
156.5	1
157	1
157.5	1
158	1
158.5	4
159	1
159.5	1
160	1
160.5	1
161	1
161.5	1
162	1
162.5	1
163	1
163.5	4
164	1
164.5	1
165	4
165.5	1
166	4
166.5	1
167	1
167.5	4
168	7
168.5	2
169	25
169.5	1
170	2
170.5	1
171	1
171.5	1
172	1
172.5	1
173	1
173.5	1
174	1
174.5	1
175	1
175.5	2
176	1
176.5	1
177	1
177.5	1
178	1
178.5	1
179	1
179.5	2
180	1
180.5	2
181	1
181.5	1
182	1
182.5	2
183	4
183.5	1
184	1
184.5	2
185	2
185.5	2
186	4
186.5	1
187	2
187.5	8
188	7
188.5	1
189	1
189.5	4
190	2
190.5	2
191	4
191.5	1
192	1
192.5	1
193	4
193.5	1
194	5
194.5	2
195	1
195.5	1
196	1
196.5	4
197	1
197.5	4
198	2
198.5	4
199	28
199.5	8
200	7
