0.5	0
1	42
1.5	41
2	40
2.5	38
3	37
3.5	33
4	13
4.5	12
5	11
5.5	11
6	11
6.5	10
7	7
7.5	5
8	5
8.5	5
9	5
9.5	6
10	7
10.5	7
11	7
11.5	9
12	10
12.5	12
13	13
13.5	10
14	11
14.5	10
15	7
15.5	6
16	6
16.5	8
17	8
17.5	6
18	6
18.5	5
19	5
19.5	5
20	5
20.5	4
21	5
21.5	5
22	5
22.5	5
23	5
23.5	4
24	4
24.5	4
25	4
25.5	4
26	4
26.5	5
27	5
27.5	5
28	5
28.5	5
29	5
29.5	5
30	5
30.5	5
31	4
31.5	3
32	5
32.5	5
33	5
33.5	4
34	3
34.5	4
35	6
35.5	4
36	4
36.5	4
37	4
37.5	4
38	4
38.5	4
39	4
39.5	5
40	5
40.5	5
41	4
41.5	4
42	5
42.5	5
43	6
43.5	5
44	5
44.5	4
45	5
45.5	4
46	4
46.5	4
47	4
47.5	5
48	5
48.5	5
49	5
49.5	5
50	5
50.5	5
51	5
51.5	5
52	5
52.5	5
53	5
53.5	5
54	5
54.5	5
55	5
55.5	5
56	5
56.5	5
57	6
57.5	6
58	5
58.5	5
59	6
59.5	6
60	5
60.5	5
61	5
61.5	6
62	6
62.5	6
63	5
63.5	5
64	5
64.5	5
65	5
65.5	5
66	5
66.5	5
67	5
67.5	5
68	5
68.5	5
69	5
69.5	5
70	6
70.5	6
71	6
71.5	6
72	7
72.5	6
73	6
73.5	6
74	6
74.5	6
75	6
75.5	6
76	5
76.5	5
77	5
77.5	5
78	5
78.5	6
79	5
79.5	6
80	6
80.5	6
81	6
81.5	6
82	6
82.5	6
83	6
83.5	6
84	6
84.5	6
85	6
85.5	6
86	6
86.5	5
87	5
87.5	5
88	5
88.5	6
89	6
89.5	6
90	7
90.5	6
91	6
91.5	6
92	6
92.5	5
93	5
93.5	6
94	6
94.5	6
95	6
95.5	6
96	6
96.5	6
97	6
97.5	6
98	6
98.5	6
99	5
99.5	5
100	5
100.5	5
101	5
101.5	5
102	5
102.5	5
103	5
103.5	5
104	5
104.5	5
105	5
105.5	5
106	5
106.5	5
107	5
107.5	5
108	6
108.5	7
109	6
109.5	6
110	6
110.5	6
111	5
111.5	6
112	6
112.5	6
113	5
113.5	6
114	6
114.5	6
115	6
115.5	6
116	6
116.5	5
117	5
117.5	5
118	5
118.5	6
119	6
119.5	6
120	6
120.5	6
121	6
121.5	6
122	6
122.5	6
123	6
123.5	6
124	5
124.5	6
125	5
125.5	5
126	5
126.5	6
127	6
127.5	6
128	6
128.5	6
129	6
129.5	6
130	6
130.5	6
131	6
131.5	5
132	5
132.5	5
133	5
133.5	5
134	5
134.5	5
135	5
135.5	5
136	5
136.5	5
137	5
137.5	5
138	5
138.5	5
139	5
139.5	5
140	5
140.5	5
141	5
141.5	5
142	5
142.5	5
143	5
143.5	5
144	5
144.5	5
145	5
145.5	5
146	6
146.5	6
147	5
147.5	5
148	5
148.5	5
149	5
149.5	5
150	5
150.5	5
151	5
151.5	5
152	5
152.5	6
153	6
153.5	6
154	6
154.5	6
155	6
155.5	6
156	6
156.5	6
157	6
157.5	6
158	6
158.5	5
159	6
159.5	6
160	6
160.5	6
161	6
161.5	6
162	6
162.5	6
163	6
163.5	6
164	6
164.5	6
165	7
165.5	9
166	7
166.5	7
167	7
167.5	7
168	7
168.5	8
169	8
169.5	7
170	7
170.5	7
171	6
171.5	6
172	6
172.5	6
173	6
173.5	6
174	6
174.5	7
175	7
175.5	7
176	7
176.5	7
177	7
177.5	7
178	7
178.5	7
179	7
179.5	7
180	7
180.5	7
181	7
181.5	7
182	7
182.5	7
183	7
183.5	7
184	7
184.5	6
185	6
185.5	6
186	6
186.5	6
187	6
187.5	6
188	6
188.5	6
189	6
189.5	6
190	6
190.5	6
191	6
191.5	6
192	7
192.5	7
193	7
193.5	7
194	7
194.5	8
195	7
195.5	7
196	7
196.5	7
197	8
197.5	8
198	8
198.5	7
199	7
199.5	7
200	7
