0.5	1
1	0.3328957
1.5	0.2039004
2	0.1514505
2.5	0.129532
3	0.1207011
3.5	0.1199162
4	0.1286688
4.5	0.1344261
5	0.1402558
5.5	0.1460864
6	0.1477345
6.5	0.1483319
7	0.1454735
7.5	0.1420786
8	0.1484902
8.5	0.1577894
9	0.1782527
9.5	0.199584
10	0.2081128
10.5	0.2174377
11	0.224025
11.5	0.2224416
12	0.2197682
12.5	0.2018309
13	0.1869374
13.5	0.1688355
14	0.1577238
14.5	0.1458984
15	0.1333833
15.5	0.1241334
16	0.1164851
16.5	0.108782
17	0.1007194
17.5	0.09494848
18	0.08987939
18.5	0.08546901
19	0.08189838
19.5	0.07876684
20	0.07539729
20.5	0.07169149
21	0.0690801
21.5	0.0660131
22	0.0633166
22.5	0.06099247
23	0.05916464
23.5	0.05732682
24	0.05610166
24.5	0.05517604
25	0.05414889
25.5	0.05277888
26	0.05147093
26.5	0.04972497
27	0.04814011
27.5	0.04701317
28	0.04571274
28.5	0.04455894
29	0.04383515
29.5	0.04297133
30	0.04212367
30.5	0.04148792
31	0.04083641
31.5	0.04010055
32	0.03933979
32.5	0.03863195
33	0.03800407
33.5	0.03750862
34	0.03696902
34.5	0.03638823
35	0.03559329
35.5	0.03466334
36	0.03404041
36.5	0.03377705
37	0.03358754
37.5	0.03325397
38	0.03278118
38.5	0.03218689
39	0.03159404
39.5	0.03113802
40	0.03061632
40.5	0.03017745
41	0.02984098
41.5	0.02952479
42	0.02923582
42.5	0.02913862
43	0.02891687
43.5	0.02855051
44	0.02814017
44.5	0.02781396
45	0.02749642
45.5	0.02726904
46	0.02704438
46.5	0.02690999
47	0.02667995
47.5	0.02642166
48	0.02613595
48.5	0.02580178
49	0.02550501
49.5	0.02528979
50	0.0250443
50.5	0.02477899
51	0.02447963
51.5	0.02413485
52	0.02384693
52.5	0.02365941
53	0.02350905
53.5	0.0233588
54	0.02317128
54.5	0.02302344
55	0.0228436
55.5	0.02269982
56	0.02254344
56.5	0.0223905
57	0.02231389
57.5	0.02224882
58	0.02217807
58.5	0.02219731
59	0.02218103
59.5	0.02208841
60	0.02203377
60.5	0.02193691
61	0.02181623
61.5	0.02166424
62	0.02153567
62.5	0.02143627
63	0.02130517
63.5	0.02116684
64	0.02102328
64.5	0.02088841
65	0.02079608
65.5	0.02069144
66	0.02058746
66.5	0.02046702
67	0.02034407
67.5	0.02029033
68	0.02023887
68.5	0.02019111
69	0.0202026
69.5	0.02024688
70	0.02029763
70.5	0.02037489
71	0.02045233
71.5	0.02048871
72	0.02045837
72.5	0.02041507
73	0.02036881
73.5	0.02028112
74	0.0201343
74.5	0.02001419
75	0.01993126
75.5	0.0198477
76	0.01977046
76.5	0.01967467
77	0.01956443
77.5	0.01944169
78	0.019426
78.5	0.01929668
79	0.0192935
79.5	0.01927098
80	0.01919589
80.5	0.01916555
81	0.01918063
81.5	0.01919439
82	0.01917651
82.5	0.01912051
83	0.01905661
83.5	0.01896895
84	0.01891468
84.5	0.01890556
85	0.01888592
85.5	0.01895099
86	0.01893887
86.5	0.01892444
87	0.01890975
87.5	0.01896897
88	0.01900134
88.5	0.01902227
89	0.01894338
89.5	0.01877384
90	0.01875105
90.5	0.01869851
91	0.01859425
91.5	0.01843643
92	0.01829353
92.5	0.01829291
93	0.01819611
93.5	0.01809059
94	0.01801102
94.5	0.01790752
95	0.017786
95.5	0.01765636
96	0.01752299
96.5	0.01737454
97	0.01726853
97.5	0.01718021
98	0.01710459
98.5	0.01705681
99	0.01706723
99.5	0.01706735
100	0.01703639
100.5	0.01696195
101	0.01688887
101.5	0.01683549
102	0.0167589
102.5	0.01666908
103	0.01655929
103.5	0.01645289
104	0.01634578
104.5	0.0162628
105	0.01627112
105.5	0.01633291
106	0.01641212
106.5	0.016445
107	0.01649513
107.5	0.01655254
108	0.01658216
108.5	0.01658726
109	0.01654622
109.5	0.01652601
110	0.01643871
110.5	0.01634093
111	0.01623881
111.5	0.01613178
112	0.01603673
112.5	0.01593908
113	0.01588952
113.5	0.0158949
114	0.01592024
114.5	0.01597558
115	0.01602899
115.5	0.01605657
116	0.01603845
116.5	0.01598967
117	0.01592117
117.5	0.01586949
118	0.01581512
118.5	0.01579878
119	0.01578045
119.5	0.01574744
120	0.01568169
120.5	0.01561848
121	0.015584
121.5	0.01556247
122	0.01555282
122.5	0.01554381
123	0.01555829
123.5	0.01555566
124	0.01555942
124.5	0.01556412
125	0.01559435
125.5	0.01565455
126	0.01568652
126.5	0.01569173
127	0.01566245
127.5	0.01564951
128	0.01563261
128.5	0.01562369
129	0.01565155
129.5	0.01570177
130	0.01574245
130.5	0.0157748
131	0.01578819
131.5	0.0157019
132	0.01565764
132.5	0.01560341
133	0.01556507
133.5	0.015536
134	0.01555054
134.5	0.01559263
135	0.01562884
135.5	0.01564574
136	0.01561647
136.5	0.01556099
137	0.01550036
137.5	0.015468
138	0.01545043
138.5	0.01542949
139	0.01541782
139.5	0.01542136
140	0.01544329
140.5	0.01547303
141	0.01551682
141.5	0.01553599
142	0.01555297
142.5	0.01554096
143	0.01549113
143.5	0.01542129
144	0.01537837
144.5	0.01539407
145	0.01541772
145.5	0.01541161
146	0.01542617
146.5	0.01547226
147	0.01551314
147.5	0.01554626
148	0.01560718
148.5	0.01566608
149	0.01574674
149.5	0.01581035
150	0.01584622
150.5	0.01587909
151	0.01587265
151.5	0.0158277
152	0.01579301
152.5	0.01575489
153	0.01573692
153.5	0.01573905
154	0.01574854
154.5	0.01574694
155	0.0157319
155.5	0.01572595
156	0.01573083
156.5	0.01575808
157	0.01575615
157.5	0.01576661
158	0.01580373
158.5	0.01583015
159	0.01585082
159.5	0.01586024
160	0.01588141
160.5	0.01591732
161	0.01593792
161.5	0.01592575
162	0.01590684
162.5	0.01591176
163	0.01592216
163.5	0.01595382
164	0.01596846
164.5	0.01599018
165	0.01601048
165.5	0.01604724
166	0.01609039
166.5	0.01611388
167	0.01609408
167.5	0.01604254
168	0.01601961
168.5	0.01602612
169	0.01606146
169.5	0.01607891
170	0.01608705
170.5	0.01607542
171	0.01606891
171.5	0.01605852
172	0.01604238
172.5	0.0160473
173	0.01605213
173.5	0.01609088
174	0.01611567
174.5	0.01608838
175	0.0160492
175.5	0.01601755
176	0.01601778
176.5	0.01604253
177	0.01605535
177.5	0.01605151
178	0.01600867
178.5	0.01593553
179	0.01585489
179.5	0.01580322
180	0.01581231
180.5	0.01585275
181	0.01592808
181.5	0.01597651
182	0.01598215
182.5	0.01595577
183	0.01593127
183.5	0.01590875
184	0.01588891
184.5	0.01584897
185	0.0158407
185.5	0.0158805
186	0.01592527
186.5	0.01598048
187	0.01605619
187.5	0.01613421
188	0.01621072
188.5	0.01629236
189	0.01636822
189.5	0.01640096
190	0.01639737
190.5	0.01637479
191	0.01639296
191.5	0.01638887
192	0.01635845
192.5	0.0163195
193	0.01633958
193.5	0.01635634
194	0.01643181
194.5	0.01649987
195	0.01652084
195.5	0.016528
196	0.0165745
196.5	0.0166766
197	0.01683874
197.5	0.01698499
198	0.0171088
198.5	0.01720065
199	0.01727544
199.5	0.01731728
200	0.01735684
