0.5	0.00215387
1	0.0007366288
1.5	0.0004660296
2	0.0003620861
2.5	0.0003305034
3	0.0003341257
3.5	0.0003628063
4	0.0004154391
4.5	0.0004702316
5	0.0005274119
5.5	0.0005923554
6	0.0006388239
6.5	0.0006673417
7	0.0006840571
7.5	0.0006904303
8	0.0007366671
8.5	0.0008055178
9	0.0009071603
9.5	0.00105617
10	0.001280424
10.5	0.001430771
11	0.001631221
11.5	0.002016055
12	0.002350704
12.5	0.002473299
13	0.002518117
13.5	0.002598639
14	0.002617089
14.5	0.002576881
15	0.00245203
15.5	0.002284098
16	0.002232572
16.5	0.002142518
17	0.002057401
17.5	0.001998027
18	0.001931425
18.5	0.001876985
19	0.001873035
19.5	0.00186754
20	0.001808526
20.5	0.001739814
21	0.00169577
21.5	0.001658131
22	0.00162296
22.5	0.001571114
23	0.001513448
23.5	0.001476077
24	0.00145073
24.5	0.001443118
25	0.001443398
25.5	0.00142078
26	0.001398509
26.5	0.0013481
27	0.001307231
27.5	0.001280312
28	0.00125922
28.5	0.001239455
29	0.001234677
29.5	0.001231159
30	0.001229566
30.5	0.001223123
31	0.001211904
31.5	0.001193389
32	0.001172268
32.5	0.001157165
33	0.001143634
33.5	0.001133958
34	0.001117616
34.5	0.001100224
35	0.001088306
35.5	0.001075632
36	0.001068306
36.5	0.001072895
37	0.001071626
37.5	0.001067258
38	0.001058258
38.5	0.001048793
39	0.001037805
39.5	0.001032386
40	0.001022745
40.5	0.001011175
41	0.0009976568
41.5	0.0009789977
42	0.0009638837
42.5	0.0009498228
43	0.0009396405
43.5	0.0009352747
44	0.0009242099
44.5	0.0009164069
45	0.000908136
45.5	0.0009036557
46	0.000904289
46.5	0.0009012697
47	0.0008952485
47.5	0.0008891459
48	0.0008809366
48.5	0.0008702074
49	0.0008637932
49.5	0.0008605106
50	0.0008564063
50.5	0.0008541478
51	0.0008472948
51.5	0.0008386436
52	0.0008289547
52.5	0.0008238774
53	0.0008207477
53.5	0.0008232226
54	0.0008201364
54.5	0.0008194386
55	0.0008182594
55.5	0.0008145143
56	0.0008090435
56.5	0.0008024956
57	0.0008008862
57.5	0.000803375
58	0.0008057868
58.5	0.0008085066
59	0.0008091773
59.5	0.0008071362
60	0.0008044863
60.5	0.0007993248
61	0.0007932695
61.5	0.000785733
62	0.0007775491
62.5	0.0007699193
63	0.0007625031
63.5	0.0007569786
64	0.0007512129
64.5	0.0007459033
65	0.0007406029
65.5	0.0007356475
66	0.0007312368
66.5	0.0007281738
67	0.0007260771
67.5	0.0007255342
68	0.0007234145
68.5	0.0007207845
69	0.0007199709
69.5	0.0007205754
70	0.0007209999
70.5	0.0007206986
71	0.0007213412
71.5	0.0007246952
72	0.00072653
72.5	0.0007282592
73	0.000729731
73.5	0.000729963
74	0.0007282609
74.5	0.0007250632
75	0.0007242698
75.5	0.0007219821
76	0.0007192307
76.5	0.0007170148
77	0.0007163558
77.5	0.0007154159
78	0.0007160637
78.5	0.0007167216
79	0.0007185577
79.5	0.0007203278
80	0.0007200846
80.5	0.0007212693
81	0.0007245224
81.5	0.0007272752
82	0.0007285268
82.5	0.0007270394
83	0.0007242418
83.5	0.0007208539
84	0.0007188676
84.5	0.0007197122
85	0.0007186499
85.5	0.0007203572
86	0.0007194735
86.5	0.0007197581
87	0.0007198646
87.5	0.0007218271
88	0.0007219051
88.5	0.0007226502
89	0.0007233499
89.5	0.0007196337
90	0.0007175178
90.5	0.0007184383
91	0.0007173419
91.5	0.0007121363
92	0.0007103222
92.5	0.0007118316
93	0.0007089166
93.5	0.0007049904
94	0.0007018438
94.5	0.0006977873
95	0.0006958
95.5	0.0006942662
96	0.0006939762
96.5	0.0006930446
97	0.0006917122
97.5	0.0006908254
98	0.000691434
98.5	0.0006931576
99	0.0006954301
99.5	0.0006975574
100	0.0006981821
100.5	0.000697226
101	0.0006947038
101.5	0.0006915702
102	0.0006888106
102.5	0.00068636
103	0.0006836091
103.5	0.0006804256
104	0.0006774776
104.5	0.0006738101
105	0.000672376
105.5	0.0006716132
106	0.0006725801
106.5	0.0006733015
107	0.0006747
107.5	0.0006765343
108	0.0006761012
108.5	0.000675436
109	0.0006722343
109.5	0.0006708071
110	0.0006680482
110.5	0.0006647721
111	0.0006602167
111.5	0.0006556207
112	0.0006516216
112.5	0.0006483607
113	0.0006468432
113.5	0.0006483466
114	0.0006515499
114.5	0.0006566476
115	0.0006603608
115.5	0.0006637813
116	0.000666713
116.5	0.0006677045
117	0.0006673702
117.5	0.0006669249
118	0.0006693911
118.5	0.0006720878
119	0.0006736229
119.5	0.0006753388
120	0.0006751533
120.5	0.0006742323
121	0.0006734924
121.5	0.0006742196
122	0.0006754636
122.5	0.0006783372
123	0.000682846
123.5	0.0006859158
124	0.0006872178
124.5	0.0006888259
125	0.0006922116
125.5	0.0006962895
126	0.0007010639
126.5	0.0007046279
127	0.0007061367
127.5	0.0007089666
128	0.0007116782
128.5	0.0007140891
129	0.0007153534
129.5	0.0007165027
130	0.0007165995
130.5	0.0007154646
131	0.0007143231
131.5	0.0007142925
132	0.0007136362
132.5	0.0007122312
133	0.0007102804
133.5	0.0007082869
134	0.0007084176
134.5	0.0007096953
135	0.000712293
135.5	0.0007144077
136	0.0007144443
136.5	0.0007132647
137	0.0007112565
137.5	0.0007095611
138	0.0007074525
138.5	0.0007070324
139	0.0007062242
139.5	0.0007050166
140	0.0007053697
140.5	0.0007067838
141	0.000708289
141.5	0.0007084055
142	0.0007101504
142.5	0.0007111015
143	0.0007098488
143.5	0.0007074951
144	0.0007062841
144.5	0.0007069106
145	0.000708263
145.5	0.000708702
146	0.0007092487
146.5	0.0007106553
147	0.0007111633
147.5	0.0007110855
148	0.0007104992
148.5	0.0007090268
149	0.0007092492
149.5	0.000709923
150	0.0007108813
150.5	0.0007131876
151	0.0007137052
151.5	0.0007130798
152	0.0007120707
152.5	0.0007112535
153	0.0007105214
153.5	0.0007100915
154	0.0007096501
154.5	0.0007092299
155	0.0007085829
155.5	0.000709028
156	0.0007090967
156.5	0.000711224
157	0.0007110456
157.5	0.00071024
158	0.0007099745
158.5	0.0007095506
159	0.000709359
159.5	0.0007091892
160	0.0007095619
160.5	0.0007096492
161	0.0007092011
161.5	0.0007071352
162	0.0007043593
162.5	0.0007030002
163	0.0007025871
163.5	0.000702512
164	0.0007024945
164.5	0.0007022006
165	0.0007025349
165.5	0.0007032162
166	0.0007037996
166.5	0.0007034284
167	0.0006993693
167.5	0.0006945348
168	0.0006932254
168.5	0.0006925412
169	0.0006923624
169.5	0.0006932676
170	0.0006942893
170.5	0.0006942849
171	0.0006946515
171.5	0.0006940086
172	0.0006928515
172.5	0.0006933793
173	0.0006939712
173.5	0.0006930524
174	0.000693935
174.5	0.0006935088
175	0.0006922667
175.5	0.000691756
176	0.0006919503
176.5	0.0006920206
177	0.000691577
177.5	0.0006910183
178	0.0006894693
178.5	0.0006875383
179	0.0006853672
179.5	0.0006838868
180	0.0006837358
180.5	0.0006847081
181	0.0006873126
181.5	0.0006898962
182	0.0006911311
182.5	0.0006908507
183	0.0006901069
183.5	0.0006890959
184	0.0006886647
184.5	0.0006870182
185	0.0006881262
185.5	0.0006903583
186	0.0006910779
186.5	0.0006929653
187	0.000693397
187.5	0.0006938634
188	0.0006956078
188.5	0.0006999226
189	0.0007047382
189.5	0.0007063712
190	0.0007057303
190.5	0.0007056031
191	0.00070791
191.5	0.0007082595
192	0.0007073459
192.5	0.0007060255
193	0.0007077547
193.5	0.0007090107
194	0.0007108833
194.5	0.0007134813
195	0.0007141778
195.5	0.0007155717
196	0.000718249
196.5	0.0007226762
197	0.0007277174
197.5	0.0007325879
198	0.0007350602
198.5	0.0007364894
199	0.0007371326
199.5	0.0007382972
200	0.0007397912
